1.000000000000000000e+00 0.000000000000000000e+00 0.000000000000000000e+00 0.000000000000000000e+00
2.000000000000000000e+00 7.500000000000000000e+03 0.000000000000000000e+00 0.000000000000000000e+00
3.000000000000000000e+00 7.500000000000000000e+03 7.500000000000000000e+03 0.000000000000000000e+00
4.000000000000000000e+00 0.000000000000000000e+00 7.500000000000000000e+03 0.000000000000000000e+00
5.000000000000000000e+00 7.499999999998730118e+02 0.000000000000000000e+00 0.000000000000000000e+00
6.000000000000000000e+00 1.499999999999459078e+03 0.000000000000000000e+00 0.000000000000000000e+00
7.000000000000000000e+00 2.249999999998066414e+03 0.000000000000000000e+00 0.000000000000000000e+00
8.000000000000000000e+00 2.999999999995094640e+03 0.000000000000000000e+00 0.000000000000000000e+00
9.000000000000000000e+00 3.749999999992210633e+03 0.000000000000000000e+00 0.000000000000000000e+00
1.000000000000000000e+01 4.499999999993694473e+03 0.000000000000000000e+00 0.000000000000000000e+00
1.100000000000000000e+01 5.249999999995266080e+03 0.000000000000000000e+00 0.000000000000000000e+00
1.200000000000000000e+01 5.999999999996838596e+03 0.000000000000000000e+00 0.000000000000000000e+00
1.300000000000000000e+01 6.749999999998419298e+03 0.000000000000000000e+00 0.000000000000000000e+00
1.400000000000000000e+01 7.500000000000000000e+03 7.499999999998730118e+02 0.000000000000000000e+00
1.500000000000000000e+01 7.500000000000000000e+03 1.499999999999459078e+03 0.000000000000000000e+00
1.600000000000000000e+01 7.500000000000000000e+03 2.249999999998066414e+03 0.000000000000000000e+00
1.700000000000000000e+01 7.500000000000000000e+03 2.999999999995094640e+03 0.000000000000000000e+00
1.800000000000000000e+01 7.500000000000000000e+03 3.749999999992210633e+03 0.000000000000000000e+00
1.900000000000000000e+01 7.500000000000000000e+03 4.499999999993694473e+03 0.000000000000000000e+00
2.000000000000000000e+01 7.500000000000000000e+03 5.249999999995266080e+03 0.000000000000000000e+00
2.100000000000000000e+01 7.500000000000000000e+03 5.999999999996838596e+03 0.000000000000000000e+00
2.200000000000000000e+01 7.500000000000000000e+03 6.749999999998419298e+03 0.000000000000000000e+00
2.300000000000000000e+01 6.749999999998099156e+03 7.500000000000000000e+03 0.000000000000000000e+00
2.400000000000000000e+01 5.999999999996200131e+03 7.500000000000000000e+03 0.000000000000000000e+00
2.500000000000000000e+01 5.249999999997069608e+03 7.500000000000000000e+03 0.000000000000000000e+00
2.600000000000000000e+01 4.500000000004265530e+03 7.500000000000000000e+03 0.000000000000000000e+00
2.700000000000000000e+01 3.750000000009416453e+03 7.500000000000000000e+03 0.000000000000000000e+00
2.800000000000000000e+01 3.000000000007607014e+03 7.500000000000000000e+03 0.000000000000000000e+00
2.900000000000000000e+01 2.250000000005709808e+03 7.500000000000000000e+03 0.000000000000000000e+00
3.000000000000000000e+01 1.500000000003811692e+03 7.500000000000000000e+03 0.000000000000000000e+00
3.100000000000000000e+01 7.500000000019053914e+02 7.500000000000000000e+03 0.000000000000000000e+00
3.200000000000000000e+01 0.000000000000000000e+00 6.749999999998099156e+03 0.000000000000000000e+00
3.300000000000000000e+01 0.000000000000000000e+00 5.999999999996200131e+03 0.000000000000000000e+00
3.400000000000000000e+01 0.000000000000000000e+00 5.249999999997069608e+03 0.000000000000000000e+00
3.500000000000000000e+01 0.000000000000000000e+00 4.500000000004265530e+03 0.000000000000000000e+00
3.600000000000000000e+01 0.000000000000000000e+00 3.750000000009416453e+03 0.000000000000000000e+00
3.700000000000000000e+01 0.000000000000000000e+00 3.000000000007607014e+03 0.000000000000000000e+00
3.800000000000000000e+01 0.000000000000000000e+00 2.250000000005709808e+03 0.000000000000000000e+00
3.900000000000000000e+01 0.000000000000000000e+00 1.500000000003811692e+03 0.000000000000000000e+00
4.000000000000000000e+01 0.000000000000000000e+00 7.500000000019053914e+02 0.000000000000000000e+00
4.100000000000000000e+01 2.999999999330814717e+03 6.749999999330318133e+03 0.000000000000000000e+00
4.200000000000000000e+01 6.749999974648351781e+03 3.749999974642617417e+03 0.000000000000000000e+00
4.300000000000000000e+01 3.749246019656292901e+03 7.492460196595059188e+02 0.000000000000000000e+00
4.400000000000000000e+01 4.499999999330148057e+03 6.749999999331183062e+03 0.000000000000000000e+00
4.500000000000000000e+01 7.499016461938815610e+02 3.749901646202791198e+03 0.000000000000000000e+00
4.600000000000000000e+01 7.499999999980514076e+02 5.999999999999482498e+03 0.000000000000000000e+00
4.700000000000000000e+01 6.750000000000640284e+03 5.249999999997801751e+03 0.000000000000000000e+00
4.800000000000000000e+01 7.472188134777381947e+02 2.247218813482999394e+03 0.000000000000000000e+00
4.900000000000000000e+01 5.999999999998583007e+03 7.499999999998545945e+02 0.000000000000000000e+00
5.000000000000000000e+01 2.242907077728857075e+03 7.429070777304552848e+02 0.000000000000000000e+00
5.100000000000000000e+01 5.999999999999150532e+03 6.750000000001139597e+03 0.000000000000000000e+00
5.200000000000000000e+01 7.430317911517755647e+02 7.430317911533685447e+02 0.000000000000000000e+00
5.300000000000000000e+01 1.500000000000705768e+03 6.750000000000753062e+03 0.000000000000000000e+00
5.400000000000000000e+01 6.750000000000640284e+03 1.499999999999219199e+03 0.000000000000000000e+00
5.500000000000000000e+01 7.500000000001043645e+02 6.749999999999468855e+03 0.000000000000000000e+00
5.600000000000000000e+01 6.750000000000028194e+03 5.999999999998964995e+03 0.000000000000000000e+00
5.700000000000000000e+01 6.749999999999226930e+03 6.749999999999598913e+03 0.000000000000000000e+00
5.800000000000000000e+01 5.249984615626789491e+03 7.499846156288995189e+02 0.000000000000000000e+00
5.900000000000000000e+01 7.499992221272489132e+02 5.249999222132043542e+03 0.000000000000000000e+00
6.000000000000000000e+01 6.749999999999446118e+03 7.499999999997854729e+02 0.000000000000000000e+00
6.100000000000000000e+01 6.750000000001519766e+03 2.249999999998011845e+03 0.000000000000000000e+00
6.200000000000000000e+01 2.249999999917707100e+03 6.749999999918077265e+03 0.000000000000000000e+00
6.300000000000000000e+01 5.249978697619377272e+03 1.499978697617830221e+03 0.000000000000000000e+00
6.400000000000000000e+01 5.999998466112681854e+03 2.249998466108544562e+03 0.000000000000000000e+00
6.500000000000000000e+01 1.499999902086226257e+03 5.999999902091630247e+03 0.000000000000000000e+00
6.600000000000000000e+01 5.999999999284333171e+03 5.999999999285605554e+03 0.000000000000000000e+00
6.700000000000000000e+01 4.499824264685466005e+03 7.498242646882608824e+02 0.000000000000000000e+00
6.800000000000000000e+01 3.749999998489889549e+03 6.749999998489714926e+03 0.000000000000000000e+00
6.900000000000000000e+01 7.441650735848014619e+02 1.494165073588033692e+03 0.000000000000000000e+00
7.000000000000000000e+01 5.249999999871747605e+03 6.749999999874056812e+03 0.000000000000000000e+00
7.100000000000000000e+01 6.749999984155446327e+03 4.499999984150898854e+03 0.000000000000000000e+00
7.200000000000000000e+01 7.492516148736574451e+02 2.999251614881182832e+03 0.000000000000000000e+00
7.300000000000000000e+01 7.499830193934155886e+02 4.499983019401242927e+03 0.000000000000000000e+00
7.400000000000000000e+01 6.749999888287818976e+03 2.999999888282797656e+03 0.000000000000000000e+00
7.500000000000000000e+01 2.997506430978938170e+03 7.475064309814362105e+02 0.000000000000000000e+00
7.600000000000000000e+01 5.999996183943626420e+03 1.499996183942067773e+03 0.000000000000000000e+00
7.700000000000000000e+01 1.492216799467556939e+03 7.422167994689667694e+02 0.000000000000000000e+00
7.800000000000000000e+01 5.249983209229571003e+03 2.249983209225397331e+03 0.000000000000000000e+00
7.900000000000000000e+01 4.499999970102484440e+03 5.999999970108149682e+03 0.000000000000000000e+00
8.000000000000000000e+01 1.499785957179871730e+03 3.749785957190826139e+03 0.000000000000000000e+00
8.100000000000000000e+01 2.997238145131984766e+03 1.497238145132851514e+03 0.000000000000000000e+00
8.200000000000000000e+01 4.499774543883380829e+03 1.499774543882389480e+03 0.000000000000000000e+00
8.300000000000000000e+01 5.999999863114623622e+03 4.499999863113045649e+03 0.000000000000000000e+00
8.400000000000000000e+01 1.493716625069687552e+03 1.493716625072135457e+03 0.000000000000000000e+00
8.500000000000000000e+01 2.999999921571699360e+03 5.999999921579803413e+03 0.000000000000000000e+00
8.600000000000000000e+01 2.249999873950547226e+03 5.999999873958094213e+03 0.000000000000000000e+00
8.700000000000000000e+01 5.999999980042158313e+03 5.249999980042455718e+03 0.000000000000000000e+00
8.800000000000000000e+01 1.499995909224714069e+03 5.249995909234487044e+03 0.000000000000000000e+00
8.900000000000000000e+01 5.249999988040610333e+03 5.999999988044117345e+03 0.000000000000000000e+00
9.000000000000000000e+01 1.498874480698043044e+03 2.998874480705783299e+03 0.000000000000000000e+00
9.100000000000000000e+01 5.999998206378017130e+03 2.999998206373480116e+03 0.000000000000000000e+00
9.200000000000000000e+01 2.249732583889551279e+03 3.749732583901647104e+03 0.000000000000000000e+00
9.300000000000000000e+01 4.499840235060700252e+03 2.249840235057487007e+03 0.000000000000000000e+00
9.400000000000000000e+01 2.999996661181582112e+03 5.249996661195427805e+03 0.000000000000000000e+00
9.500000000000000000e+01 5.249999175164690314e+03 4.499999175167364228e+03 0.000000000000000000e+00
9.600000000000000000e+01 5.249983759890064903e+03 2.999983759886788448e+03 0.000000000000000000e+00
9.700000000000000000e+01 4.499999125818019820e+03 5.249999125826054296e+03 0.000000000000000000e+00
9.800000000000000000e+01 1.499942025087057345e+03 4.499942025098570412e+03 0.000000000000000000e+00
9.900000000000000000e+01 3.749014889828957621e+03 1.499014889829128833e+03 0.000000000000000000e+00
1.000000000000000000e+02 3.749999686463950184e+03 5.999999686470668166e+03 0.000000000000000000e+00
1.010000000000000000e+02 2.249992059378336307e+03 5.249992059390742725e+03 0.000000000000000000e+00
1.020000000000000000e+02 1.496729792820691500e+03 2.246729792825243749e+03 0.000000000000000000e+00
1.030000000000000000e+02 5.999998417118470570e+03 3.749998417115306893e+03 0.000000000000000000e+00
1.040000000000000000e+02 5.249999695431270084e+03 5.249999695435042668e+03 0.000000000000000000e+00
1.050000000000000000e+02 2.245106157181897288e+03 1.495106157183664891e+03 0.000000000000000000e+00
1.060000000000000000e+02 4.499992925827476938e+03 4.499992925834286325e+03 0.000000000000000000e+00
1.070000000000000000e+02 4.499919809521621573e+03 2.999919809520288709e+03 0.000000000000000000e+00
1.080000000000000000e+02 3.749997046910363679e+03 5.249997046921206675e+03 0.000000000000000000e+00
1.090000000000000000e+02 3.749313835744110293e+03 2.249313835743310847e+03 0.000000000000000000e+00
1.100000000000000000e+02 2.247377616113484237e+03 2.247377616117035359e+03 0.000000000000000000e+00
1.110000000000000000e+02 2.999959645238052872e+03 4.499959645251758047e+03 0.000000000000000000e+00
1.120000000000000000e+02 5.249990822536435189e+03 3.749990822536229189e+03 0.000000000000000000e+00
1.130000000000000000e+02 2.248921124150199830e+03 2.998921124157361646e+03 0.000000000000000000e+00
1.140000000000000000e+02 2.249928487241376843e+03 4.499928487254541324e+03 0.000000000000000000e+00
1.150000000000000000e+02 2.999786013544183788e+03 3.749786013553681641e+03 0.000000000000000000e+00
1.160000000000000000e+02 3.749968493283470707e+03 4.499968493293397842e+03 0.000000000000000000e+00
1.170000000000000000e+02 4.499964849232050256e+03 3.749964849234897883e+03 0.000000000000000000e+00
1.180000000000000000e+02 3.749675099485978990e+03 2.999675099487727039e+03 0.000000000000000000e+00
1.190000000000000000e+02 2.999257552187855254e+03 2.999257552192781986e+03 0.000000000000000000e+00
1.200000000000000000e+02 2.998312153585986380e+03 2.248312153587968623e+03 0.000000000000000000e+00
1.210000000000000000e+02 3.749852518235562002e+03 3.749852518241808866e+03 0.000000000000000000e+00
