1.452323957318509384e+00 6.890682633948983857e+04 -1.002777481048908070e+00 3.594127514117566140e-03 -7.110582676653029921e+02 1.871033074206691210e-02 1.157683141098202195e-03 3.750279720364793068e+00 3.374891667575317570e+03 4.124891667585161485e+03 0.000000000000000000e+00 1.452323957318509384e+00
1.071581816283173394e+00 6.890452912241022568e+04 3.240038409495702419e-04 3.728240882806942852e-03 -7.110576894539460682e+02 6.080659508834267463e-06 1.830579113877855047e-04 -3.754500561509521273e+00 3.374642795863394895e+03 3.374642795869000111e+03 0.000000000000000000e+00 1.071581816283173394e+00
4.184019070647105321e-01 6.890518175771363894e+04 5.248431834237817948e-04 1.741981197842951525e-03 -7.110608535746035841e+02 1.014306170869555459e-05 4.127422794487511535e-04 -3.751191566552341428e+00 4.124853069118803433e+03 3.374853069121180852e+03 0.000000000000000000e+00 4.184019070647105321e-01
1.462282343199404755e+00 6.890424367155958316e+04 1.421116972577408791e-04 4.517823134179158040e-03 -7.110565066209526321e+02 2.550078096105297316e-06 -1.427997269845277060e-03 -3.754205826874237761e+00 2.624424318442947424e+03 3.374424318451367981e+03 0.000000000000000000e+00 1.462282343199404755e+00
2.616058177061989509e-01 6.890558157372799178e+04 5.875613434716636619e-04 1.377782971419875451e-03 -7.110656684817713540e+02 1.142121943266400627e-05 -5.100797456736144144e-04 -3.751989018272645193e+00 4.874964810295043208e+03 3.374964810294551171e+03 0.000000000000000000e+00 2.616058177061989509e-01
2.880520326023779720e+00 6.890664295631871209e+04 -1.027332318975282544e+00 5.951334375167579259e-03 -7.110542838615973551e+02 1.930880548052218981e-02 -1.243244299664334482e-03 3.749791388711021245e+00 1.874847263349464129e+03 4.124847263361396472e+03 0.000000000000000000e+00 2.880520326023779720e+00
-4.254827373625207798e+00 3.496754217025963590e+04 2.674278553528684377e+00 6.477899226616838646e-03 -7.110395765168291291e+02 -1.477388047785874875e-02 7.036228258718202518e-03 -2.634821176366865103e+01 1.868486664861999770e+03 1.118486664863805572e+03 0.000000000000000000e+00 -4.254827373625207798e+00
6.425094042370779746e-02 6.328158371494344465e+04 2.639491051809061159e-04 3.521759912162343445e-04 -7.110692105871651165e+02 4.989708686529040912e-06 3.985212518543585370e-04 1.125014745013600859e+01 5.624999678438185583e+03 4.874999678439477066e+03 0.000000000000000000e+00 6.425094042370779746e-02
1.465286390337726397e-01 5.201996440560567135e+04 -1.386632709254127072e+00 1.651973281491453350e-03 -7.110615365080257106e+02 1.298068592886104412e-02 -6.082259985457481692e-03 -1.875255856991567427e+01 4.124485876129287135e+03 1.874485876128079099e+03 0.000000000000000000e+00 1.465286390337726397e-01
1.959860473596845898e+00 6.890555590741656488e+04 -5.634414668782603552e-01 3.896491157968406342e-03 -7.110493459105559850e+02 1.376620697322345800e-02 -1.824964063630805369e-03 3.748867216947411318e+00 1.124903161963556613e+03 4.124903161973357783e+03 0.000000000000000000e+00 1.959860473596845898e+00
1.579315929549332642e+00 6.328135607628215803e+04 1.558358247794692510e-04 2.039164325460646708e-04 -7.110589298775815905e+02 3.033364371092205544e-06 1.200826937073560131e-03 1.124989627011551541e+01 3.374980461653367456e+03 4.874980461665447365e+03 0.000000000000000000e+00 1.579315929549332642e+00
-8.297877601287653726e-02 3.515667779883886396e+04 1.023951178097343373e+00 -9.303340463942837060e-04 -7.110497984799219466e+02 -1.397463375036767791e-02 -3.581413009409770522e-05 2.624974272964104927e+01 3.749999999995389430e+02 6.374999999998311978e+03 0.000000000000000000e+00 -8.297877601287653726e-02
7.703538884981804280e-01 5.203087141606253863e+04 -7.575863605882554586e-02 -3.848688539799284113e-03 -7.110563661596212341e+02 9.196812812859880490e-03 1.935510409079427003e-04 1.874968865244956362e+01 2.624997129020541252e+03 5.624997129031016811e+03 0.000000000000000000e+00 7.703538884981804280e-01
-5.947864376807131259e-02 6.328160750432622444e+04 2.884253414438386204e-04 -1.729779466168201887e-06 -7.110727547422162615e+02 4.704646073425755579e-06 2.030225773477870596e-05 1.124993801238688995e+01 6.374999956828217364e+03 4.874999956826050948e+03 0.000000000000000000e+00 -5.947864376807131259e-02
-2.198212945144611741e+00 3.497187402373352961e+04 6.543422273131382028e+00 1.863445229758819294e-02 -7.110289010598228288e+02 -2.478911438790497995e-02 6.630906855325225356e-03 -2.631056720823986694e+01 1.118282572318455550e+03 1.118282572320626059e+03 0.000000000000000000e+00 -2.198212945144611741e+00
-8.480806193701520557e-02 6.326957283593316970e+04 -6.095873133589404429e-04 -7.959326603983549880e-03 -7.110556879913270905e+02 -1.034785043826758751e-05 -1.339810385790605064e-03 -1.125778081678505593e+01 3.374139660250983070e+03 2.624139660252947124e+03 0.000000000000000000e+00 -8.480806193701520557e-02
2.417058437728761167e+00 6.890692952785974194e+04 -1.140936606700245992e+00 5.667733557537575455e-03 -7.110556800748322530e+02 2.031692199851386701e-02 2.239524032259682454e-03 3.749995199787734990e+00 2.624851682478290968e+03 4.124851682490407256e+03 0.000000000000000000e+00 2.417058437728761167e+00
4.564739961303181381e-01 3.515589341335117933e+04 3.095938614616848272e-01 -3.940938197205885035e-03 -7.110585740204248850e+02 -3.427623034923881363e-03 -1.316817434391485693e-04 2.624966001202239596e+01 3.374999901464088907e+03 6.374999901467625932e+03 0.000000000000000000e+00 4.564739961303181381e-01
8.500517610580476946e-02 1.265612483320347746e+04 8.082076141834944050e-01 -1.297488105798828969e-03 -7.110577473446105614e+02 -1.052889903139653249e-02 -1.324166552971959285e-04 3.374975762080865849e+01 3.374999999459432274e+03 7.124999999455008037e+03 0.000000000000000000e+00 8.500517610580476946e-02
3.948085796454994800e-02 3.515623817650373530e+04 9.971741383032437511e-01 -1.181559038002640092e-03 -7.110521365821763311e+02 -1.358348688144723170e-02 -1.045893567770645382e-03 2.624986153832296765e+01 1.124999975521272063e+03 6.374999975522833665e+03 0.000000000000000000e+00 3.948085796454994800e-02
4.616685428199153174e-01 3.515618748152103217e+04 7.152651773087510454e-05 -4.312514939354861188e-03 -7.110650801339603504e+02 9.872030290810260352e-07 6.579561009917955338e-05 2.624998398527092291e+01 4.874999989336247381e+03 6.374999989339376953e+03 0.000000000000000000e+00 4.616685428199153174e-01
2.640020272178375538e-01 3.515597219525332912e+04 6.776016207159171190e-01 -3.904399830771146558e-03 -7.110561245742263736e+02 -8.326784575699991420e-03 -1.446131682434659586e-03 2.624988695461403765e+01 2.624999948692692215e+03 6.374999948696572574e+03 0.000000000000000000e+00 2.640020272178375538e-01
1.388263183374057741e-01 1.265625323735827442e+04 -1.202527402768839532e-06 -1.424343524391024317e-03 -7.110683468373073310e+02 6.932874762971237118e-08 4.149526396502648917e-04 3.375005482602666262e+01 5.624999999966043106e+03 7.124999999968798875e+03 0.000000000000000000e+00 1.388263183374057741e-01
8.726835689346182923e-01 5.203114851932258898e+04 -5.332565263983910508e-01 -3.700919230392642027e-03 -7.110618010111107878e+02 1.711438695169755636e-02 4.352604851002120378e-04 1.874982748964711377e+01 4.124998957323704417e+03 5.624998957331519705e+03 0.000000000000000000e+00 8.726835689346182923e-01
-5.668969084279787962e-01 3.515753743346213014e+04 -4.536141816968489171e-01 -8.670187592573251958e-03 -7.110733913118614282e+02 5.290790669816877387e-03 2.077628091448289246e-03 -2.624909335093119722e+01 5.624989874297094502e+03 1.124989874297162942e+03 0.000000000000000000e+00 -5.668969084279787962e-01
1.789485132695448399e+00 6.890317431362031493e+04 -7.742008143071290593e-01 1.439001723576957548e-02 -7.110504734728614267e+02 9.349963881309979186e-03 -1.920760061455882139e-03 -3.752669568115499121e+00 1.124453424736363559e+03 3.374453424745146094e+03 0.000000000000000000e+00 1.789485132695448399e+00
-3.261842940410050407e+00 1.265788863992973711e+04 3.166091721060905417e+00 -2.173331280652663136e-02 -7.110886861544738622e+02 1.141692911896382417e-02 -1.745427553544513788e-02 -3.375479862446004375e+01 4.124767571081915776e+03 3.747675710869417003e+02 0.000000000000000000e+00 -3.261842940410050407e+00
1.031746109935721412e-01 3.515646218929689348e+04 3.534590731203421431e-05 -2.146847930868207074e-03 -7.110725093078759755e+02 5.203536057206689443e-07 8.516288670462187293e-05 2.625012167322461920e+01 6.374999999820684934e+03 6.374999999821327037e+03 0.000000000000000000e+00 1.031746109935721412e-01
-4.574278251997067612e-01 6.326209059393860662e+04 -4.735564739504019016e-01 -1.301225856088891741e-02 -7.110552438112506479e+02 1.771951075532370631e-03 3.081957644127456420e-03 -1.126602342208870589e+01 2.623467111509381539e+03 2.623467111513787131e+03 0.000000000000000000e+00 -4.574278251997067612e-01
-8.469367215970996510e-01 3.514832381315646489e+04 -1.900844178263748852e+00 -1.324508349668038383e-02 -7.110746697076514238e+02 8.234480076869252901e-03 1.321359551058995559e-02 -2.624811971544572131e+01 4.124464929513524112e+03 1.124464929514821279e+03 0.000000000000000000e+00 -8.469367215970996510e-01
2.893336979147022314e-02 1.265632277272685315e+04 -1.202541198219552923e-06 -2.279808321392907434e-03 -7.110724562410844101e+02 6.932910377125098870e-08 3.419741894310563877e-04 3.375024314425969862e+01 6.374999999998170097e+03 7.125000000000184627e+03 0.000000000000000000e+00 2.893336979147022314e-02
7.000828423382325916e-01 6.328099584611724276e+04 1.064617093860685149e+00 -1.057800076243438879e-03 -7.110507884580504196e+02 -1.342731240664827436e-02 -1.709212770354528533e-03 1.124911978123840228e+01 1.124980043958109036e+03 4.874980043966585981e+03 0.000000000000000000e+00 7.000828423382325916e-01
-7.482054201333774301e+00 6.326552653139196627e+04 -2.627733012415408353e+00 -1.298245271792673045e-02 -7.110399743986627072e+02 1.340186921964807605e-02 4.332161536258926325e-03 -1.126559152528791508e+01 3.741176070878489099e+02 2.624117607094374762e+03 0.000000000000000000e+00 -7.482054201333774301e+00
2.808202544826812641e+00 3.509111929633280670e+04 1.180728541880233884e+01 3.256407806091022455e-02 -7.110635240617872341e+02 -4.601262739853369255e-02 -6.266246052708956829e-04 -2.626040929335703566e+01 3.717992161841442567e+02 1.121799216186779859e+03 0.000000000000000000e+00 2.808202544826812641e+00
7.986386185475885524e-01 6.328153175511359586e+04 1.733404381189722712e-04 3.638817668145534045e-04 -7.110617457634853054e+02 3.411269079531973133e-06 7.497557767888851209e-04 1.125075437972886583e+01 4.124989397959832786e+03 4.874989397968736739e+03 0.000000000000000000e+00 7.986386185475885524e-01
-2.507787024258664385e-02 6.328163829581281607e+04 3.298564704864917875e-04 -8.437258229729775294e-06 -7.110754415326632625e+02 5.593836280780169033e-06 -3.049430454619062367e-05 1.125007547978857225e+01 7.124999996039021426e+03 4.874999996034415744e+03 0.000000000000000000e+00 -2.507787024258664385e-02
-8.021750543844167192e-01 6.325761780153123254e+04 -3.665800908361015464e-01 -1.542129636407558665e-02 -7.110554691766185442e+02 -3.646025219642276376e-03 -9.142296545618619139e-03 -1.126802255742199677e+01 1.872975753445604823e+03 2.622975753451355558e+03 0.000000000000000000e+00 -8.021750543844167192e-01
-1.143176886741890774e+00 3.515674545560769911e+04 -8.598598256682731256e-01 -1.371027527226722706e-02 -7.110786408527845879e+02 1.109278175390124126e-02 -5.866651673212283733e-04 -2.624960407879868640e+01 4.874890530453752945e+03 1.124890530454345026e+03 0.000000000000000000e+00 -1.143176886741890774e+00
-4.840463226171772861e-03 3.515612419285897340e+04 -3.209283740659796542e-06 -1.526564239850780299e-03 -7.110662444054157731e+02 7.074468984233518274e-08 -8.941552054355210726e-05 -2.625011544278855169e+01 7.125000000000021828e+03 1.124999999999584134e+03 0.000000000000000000e+00 -4.840463226171772861e-03
-6.083130652456864018e-01 3.515670070394419599e+04 -3.209316319262357797e-06 -4.777018323159832290e-03 -7.110711126519989875e+02 7.074538899131749948e-08 -1.530027659652515113e-03 -2.625031913535752182e+01 6.374999045985573503e+03 1.124999045985231760e+03 0.000000000000000000e+00 -6.083130652456864018e-01
-3.358367955936368165e+00 5.194100938736407261e+04 -1.440346614395146663e+00 -4.333222831775219303e-02 -7.110502868297958230e+02 -6.170908599190307736e-03 2.544901469732110261e-02 -1.880354934623432683e+01 1.120457576238229649e+03 1.870457576242103187e+03 0.000000000000000000e+00 -3.358367955936368165e+00
1.478660185903692525e+00 6.328104013944385224e+04 5.133306525110843399e-01 -3.113507869944060098e-04 -7.110525956903082943e+02 -5.931473381601893788e-03 -5.181068658393530712e-04 1.124966387268999135e+01 1.874964620232871312e+03 4.874964620244585603e+03 0.000000000000000000e+00 1.478660185903692525e+00
1.212069322098378921e+00 3.503000838870376174e+04 -5.326209119224726507e+00 -1.133277288425569088e-02 -7.110419641850984362e+02 5.782859789361451813e-02 1.143601246003749482e-02 -2.630829334733358138e+01 2.620689452755419552e+03 1.120689452757101890e+03 0.000000000000000000e+00 1.212069322098378921e+00
-7.746290996810474561e-02 1.265631376312570501e+04 1.089774677925793966e+00 -3.893432015414165226e-03 -7.110515468023115773e+02 -1.581551145772204514e-02 9.484781132806023411e-04 3.375030367911356421e+01 1.125000000001631861e+03 7.125000000000055479e+03 0.000000000000000000e+00 -7.746290996810474561e-02
3.856479415989884363e-02 1.265618873002309192e+04 1.124633397439030347e+00 2.090000552918124270e-04 -7.110538909720655738e+02 -1.632049766796846504e-02 -1.529307096181705002e-04 3.374980491559580997e+01 1.874999999981983592e+03 7.124999999979707354e+03 0.000000000000000000e+00 3.856479415989884363e-02
1.278732407416688366e-01 5.203148977606822882e+04 -8.198925536628033639e-02 3.965414497463690905e-04 -7.110493109946081631e+02 1.101733061404616687e-02 -4.021104224764627871e-04 1.874926712291162545e+01 3.749998055313250802e+02 5.624999805531198945e+03 0.000000000000000000e+00 1.278732407416688366e-01
-1.190186361898430745e+00 1.265727777975819663e+04 -1.202705681409024273e-06 -6.200249192209552652e-03 -7.110776919883938945e+02 6.932870959616686989e-08 -6.281502194906538397e-03 -3.375120211866657627e+01 5.624996153904369748e+03 3.749961539071884999e+02 0.000000000000000000e+00 -1.190186361898430745e+00
1.136873152298514648e-02 5.203153910910669947e+04 -2.065853030110163246e-01 -6.460096743141309418e-05 -7.110753326411379476e+02 1.151353589798357301e-02 -4.963914677240449582e-06 1.875028974738062004e+01 7.125000000000167347e+03 5.624999999997217856e+03 0.000000000000000000e+00 1.136873152298514648e-02
5.657335316218452537e-01 1.265842353507377993e+04 1.477408864079007733e+00 -1.028554517778017437e-02 -7.110853882330216038e+02 3.387674270465507002e-04 1.316457833002410323e-02 -3.375222146091786612e+01 4.874952220075303558e+03 3.749522200792901003e+02 0.000000000000000000e+00 5.657335316218452537e-01
8.482227707082484747e-02 5.203154823869869870e+04 -2.916090944763203296e-01 -4.755946770636495851e-04 -7.110722490978649830e+02 1.300415618146644713e-02 8.166400862280775899e-05 1.875007390759517278e+01 6.374999994831789991e+03 5.624999994831207005e+03 0.000000000000000000e+00 8.482227707082484747e-02
1.070168368942883319e+01 1.254201720817590103e+04 3.475567644284824897e+00 2.984337928522044076e-03 -7.109962050514559451e+02 -1.148632379474644541e-04 -3.857587272900526824e-03 -3.376139530506406317e+01 1.871280969298484933e+03 3.712809692998555420e+02 0.000000000000000000e+00 1.070168368942883319e+01
-4.568035262409932407e-01 1.265616960611941249e+04 -1.202552367362564448e-06 -8.313247525526977141e-04 -7.110657640932799950e+02 6.932833931558338901e-08 -1.044611771421779947e-03 -3.374979581045671750e+01 7.124999999999467036e+03 3.749999999999146212e+02 0.000000000000000000e+00 -4.568035262409932407e-01
2.155736845989247286e+01 1.256730302865743943e+04 -1.193057492788823598e-06 -2.175929651210994561e-02 -7.111305841445044962e+02 6.932030424174287787e-08 5.902832147270233726e-02 -3.376958307267459247e+01 3.732579477879121441e+02 3.732579477888184556e+02 0.000000000000000000e+00 2.155736845989247286e+01
4.980790804309209729e-01 5.203140061153167335e+04 -8.535837782224788839e-01 -2.536312790527254536e-03 -7.110652861515776522e+02 2.099244466845700749e-02 3.084881103845441073e-04 1.875059540779152201e+01 4.874999694848096624e+03 5.624999694853340770e+03 0.000000000000000000e+00 4.980790804309209729e-01
7.425375335724446191e-06 1.265640685458013832e+04 -1.202551904258438808e-06 -1.689678971081718956e-03 -7.110778171593802881e+02 6.932968339898698277e-08 1.375730223842668769e-04 3.375045019684933578e+01 7.124999999999331521e+03 7.124999999999505235e+03 0.000000000000000000e+00 7.425375335724446191e-06
1.116186175244953116e-01 3.515604477429657709e+04 8.028366182281205798e-01 -3.921439339026163567e-03 -7.110545485789037912e+02 -1.039952516566013813e-02 -8.501413066946888011e-05 2.624997943172239800e+01 1.874999943988796531e+03 6.374999943992138469e+03 0.000000000000000000e+00 1.116186175244953116e-01
2.536022656995018387e-02 3.515648012318283145e+04 3.078755706038500473e-05 -5.387875966048956845e-04 -7.110759417176367378e+02 4.674623872190940268e-07 1.862038286969811869e-05 2.625011904476628999e+01 7.124999999999813554e+03 6.374999999998455678e+03 0.000000000000000000e+00 2.536022656995018387e-02
-3.752050366978578744e+00 6.325915276191919838e+04 -1.082134623004703755e+00 -2.798425969695708324e-02 -7.110638863304966435e+02 -1.005264309875078359e-03 -1.047188231872495925e-03 -1.126300288623591861e+01 1.123018675467532603e+03 2.623018675473802432e+03 0.000000000000000000e+00 -3.752050366978578744e+00
8.018453623559713694e-01 6.328091714676903212e+04 -4.481647057028284500e-04 6.060434725588207533e-03 -7.110709857527417626e+02 -7.836035930782679322e-06 2.953389177080305772e-04 -1.124968920567025599e+01 5.624990910402582813e+03 2.624990910398552842e+03 0.000000000000000000e+00 8.018453623559713694e-01
-1.204586773569589120e+01 5.199544460660110781e+04 8.082805910771070357e-01 -2.822666000685130835e-02 -7.110183412971014150e+02 -3.990690552556337006e-02 1.261417017778463691e-02 -1.876410368991266608e+01 3.728459717656348857e+02 1.872845971770138704e+03 0.000000000000000000e+00 -1.204586773569589120e+01
4.492060720109021243e-01 6.328143711927921686e+04 -4.762443144033616516e-04 3.819493707413371564e-03 -7.110725129467737133e+02 -8.646309749120549960e-06 4.524461296834464473e-04 -1.124993065900370759e+01 6.374999140195010114e+03 2.624999140190708204e+03 0.000000000000000000e+00 4.492060720109021243e-01
2.674947536996148678e-02 6.890669160015930538e+04 -1.260570874296376598e+00 -1.951360904418171450e-04 -7.110749484083780771e+02 2.309883283613860250e-02 -4.316141191652434329e-05 3.750390589595094415e+00 7.124999989700949300e+03 4.124999989694855685e+03 0.000000000000000000e+00 2.674947536996148678e-02
1.486223058643378891e-01 1.265630832688965529e+04 -1.202536180847847879e-06 6.418285583856346002e-05 -7.110707490925370848e+02 6.932907059088338203e-08 3.029255761206312188e-03 -3.375019985535978861e+01 6.374999999998321073e+03 3.749999999999100169e+02 0.000000000000000000e+00 1.486223058643378891e-01
8.568764601002475112e-02 1.265613460469001802e+04 9.668824866181535693e-01 -7.514496278025519773e-04 -7.110559157000543564e+02 -1.329678516011194127e-02 1.196203277626605582e-03 3.374975467191705292e+01 2.624999999815459887e+03 7.124999999812098395e+03 0.000000000000000000e+00 8.568764601002475112e-02
1.816071838511237047e-01 1.265609995091392921e+04 5.896667745294779106e-01 -1.650807562354200762e-03 -7.110606562039120035e+02 -7.277888096383371488e-03 7.718495659375268925e-04 3.374972920652105302e+01 4.124999999458430466e+03 7.124999999455224497e+03 0.000000000000000000e+00 1.816071838511237047e-01
2.703658832696807790e-02 1.265643504626899085e+04 1.024750145713952065e+00 9.001416491126840950e-04 -7.110504450205995681e+02 -1.410096821253765259e-02 3.933841852621120612e-04 3.374986975252375743e+01 3.750000000005024390e+02 7.124999999999392458e+03 0.000000000000000000e+00 2.703658832696807790e-02
7.006008564153484164e-01 6.890485145580768585e+04 -1.728538366159989015e-01 2.311236654969544245e-03 -7.110504820731412110e+02 7.789331366878141615e-03 -2.069512325232164031e-03 3.747090142746021257e+00 3.749711663968242874e+02 4.124971166404428914e+03 0.000000000000000000e+00 7.006008564153484164e-01
2.451024447666515921e-02 6.890650495743280044e+04 -1.187976993829324757e+00 -5.081867354672957781e-04 -7.110721678305287696e+02 2.207954589189602829e-02 -1.740160163163069300e-04 3.749741877283350622e+00 6.374999559759223303e+03 4.124999559755467089e+03 0.000000000000000000e+00 2.451024447666515921e-02
-1.287672752394416875e+01 1.252465294093325610e+04 1.721737514373320010e+00 -9.097067982726660812e-03 -7.109943659954212762e+02 -3.870741083519495251e-02 -1.071225869565984451e-01 -3.381490846926227789e+01 1.121312147654666205e+03 3.713121476555838285e+02 0.000000000000000000e+00 -1.287672752394416875e+01
3.520370997810340352e-02 6.327564037128500786e+04 -1.872426042114043053e-04 6.333152547792908352e-04 -7.110584856526681961e+02 -2.764559119713616584e-06 -3.873798807037592915e-03 -1.125590710954366536e+01 4.124687244953102891e+03 2.624687244952203400e+03 0.000000000000000000e+00 3.520370997810340352e-02
4.500579503045487595e-01 6.890596910663366725e+04 3.138823405382569639e-04 1.865216778268866072e-03 -7.110697616906650183e+02 6.151195471349350116e-06 -6.082167469695475145e-05 -3.750528615912908759e+00 5.624992801480746493e+03 3.374992801477951161e+03 0.000000000000000000e+00 4.500579503045487595e-01
1.217728864280216011e-01 6.890682805684857885e+04 5.675538185089386924e-05 2.151052120657870174e-04 -7.110751779491840807e+02 1.292826119771938944e-06 2.902098011577027730e-04 -3.749924582628212821e+00 7.124999965734043144e+03 3.374999965728180086e+03 0.000000000000000000e+00 1.217728864280216011e-01
-4.755580513588043567e-01 6.890129960654300521e+04 -1.094782032499492352e+00 1.010374965946573764e-02 -7.110477040880427921e+02 1.134823557390290602e-02 -3.860852432555873185e-03 -3.757228906446801187e+00 3.747883152668847515e+02 3.374788315275249261e+03 0.000000000000000000e+00 -4.755580513588043567e-01
-4.216272805555023456e-02 6.890639465255716641e+04 -1.145625733303143434e+00 -9.257920327746877375e-04 -7.110700237354333240e+02 2.157684201905593971e-02 -8.772401161436608748e-05 3.749354302874071010e+00 5.624997069483554696e+03 4.124997069482986262e+03 0.000000000000000000e+00 -4.216272805555023456e-02
3.583745562608812718e-01 5.202963640792232763e+04 -7.813719440515752845e-01 3.369749780435194342e-03 -7.110697861521182404e+02 2.489506171235003444e-03 -3.016757276950683209e-04 -1.874860501336333485e+01 4.874894171448257111e+03 1.874894171445776010e+03 0.000000000000000000e+00 3.583745562608812718e-01
-5.140217049223515744e+00 1.260588232354801039e+04 7.117376724044754965e+00 -7.555584117308151645e-03 -7.110292018825273317e+02 5.837937676951520521e-03 -2.317058116699367148e-02 -3.376782686487275242e+01 2.622603377175239075e+03 3.726033771779729022e+02 0.000000000000000000e+00 -5.140217049223515744e+00
9.616851003279002219e-01 5.203102118574980705e+04 -2.129529204917025575e-01 -4.861773859430512656e-03 -7.110595875953879386e+02 1.257125188565349702e-02 -4.562022205756969292e-04 1.875052130061103384e+01 3.374998329031898720e+03 5.624998329041776742e+03 0.000000000000000000e+00 9.616851003279002219e-01
4.460195443655307068e-01 5.203093549180356058e+04 -1.409059075910981951e-01 -2.389783021168859125e-03 -7.110530528103613506e+02 1.241973744805655901e-02 -9.409765336647232499e-04 1.874944593030081919e+01 1.874996936159955794e+03 5.624996936168738102e+03 0.000000000000000000e+00 4.460195443655307068e-01
-9.369663309065995094e+00 5.194703175447352260e+04 -2.752623705569946733e+00 -5.709690327567863710e-02 -7.110543824932328789e+02 2.830683330116889884e-02 6.622193217086761938e-03 -1.879469194612803307e+01 1.870732547796440031e+03 1.870732547799520034e+03 0.000000000000000000e+00 -9.369663309065995094e+00
1.426946848289491754e-01 5.203156155433372624e+04 -1.378457220619602186e-01 1.830008731418622222e-03 -7.110714553448140123e+02 -4.771039069770223809e-03 -6.042103625161850296e-04 -1.874932093105528352e+01 5.624989139226314364e+03 1.874989139223459915e+03 0.000000000000000000e+00 1.426946848289491754e-01
1.099488715661775251e-01 5.203158602509424964e+04 -2.310986516576450569e-03 6.275082340874152875e-04 -7.110719724563447244e+02 -3.989589654867039918e-03 2.282278610402802899e-04 -1.874968821329431634e+01 6.374998662514617536e+03 1.874998662511960902e+03 0.000000000000000000e+00 1.099488715661775251e-01
-2.268116972705841228e+00 3.511243126096486230e+04 -3.656685009396489328e+00 -1.309386749206202169e-02 -7.110503662576279567e+02 2.679530671314057227e-02 -5.566355757562687105e-04 -2.625638483030753179e+01 3.373251371399043364e+03 1.123251371400730704e+03 0.000000000000000000e+00 -2.268116972705841228e+00
2.350506645640769721e-01 5.203151069895327964e+04 -4.095774210152103856e-01 -1.133048785624650185e-03 -7.110689548654088412e+02 1.518398940480687395e-02 1.006743836529525114e-04 1.874997576504097552e+01 5.624999915699592748e+03 5.624999915701805548e+03 0.000000000000000000e+00 2.350506645640769721e-01
8.550382035856507468e-01 6.327929855374005274e+04 -1.428652023772574997e-01 6.260472744952368454e-03 -7.110655222215918911e+02 1.496042809728539156e-03 -1.615331132160823750e-03 -1.125043489695570820e+01 4.874931753425489660e+03 2.624931753422490146e+03 0.000000000000000000e+00 8.550382035856507468e-01
1.569345408333291114e-01 6.890642692171710951e+04 -1.232382297305615104e+00 4.651067141719904957e-04 -7.110655293980081524e+02 2.281557004703635427e-02 7.727106048630663377e-04 3.750000867461223297e+00 4.874986943190163402e+03 4.124986943193193838e+03 0.000000000000000000e+00 1.569345408333291114e-01
1.825294708723765646e+00 6.328123260472477705e+04 4.932109238781037970e-04 -1.505678746188694045e-04 -7.110563409020551262e+02 8.997932477297930959e-06 -6.751136551113590123e-04 1.125033844055185206e+01 2.624969213259837488e+03 4.874969213273117930e+03 0.000000000000000000e+00 1.825294708723765646e+00
-1.000801388076751230e+00 5.199699105282660457e+04 -1.645359310390623886e+00 -6.340131366936371630e-03 -7.110451311166144706e+02 2.191900029909356340e-02 -1.311296654782325745e-02 -1.877273402401637270e+01 3.373469756072759992e+03 1.873469756073315011e+03 0.000000000000000000e+00 -1.000801388076751230e+00
1.940508533039324301e-01 5.203120581711566774e+04 -8.066134326762114393e-02 -1.416356733045389489e-03 -7.110508650659286332e+02 1.055669374134944431e-02 2.889077650309209138e-04 1.875020988860633864e+01 1.124998758359060048e+03 5.624998758364410605e+03 0.000000000000000000e+00 1.940508533039324301e-01
3.708012016362883800e-01 6.328152624638412090e+04 2.532663105004799662e-04 4.514945470421353156e-04 -7.110655332294901427e+02 4.851029119735093390e-06 4.904602233920235923e-04 1.124961109803583170e+01 4.874997730560364289e+03 4.874997730565686652e+03 0.000000000000000000e+00 3.708012016362883800e-01
3.654731001848621208e-01 6.890642083009812632e+04 1.171897578707147990e-04 1.087858367278196278e-03 -7.110724390170141760e+02 2.387147856530943905e-06 4.155706841418965974e-04 -3.749906236860595765e+00 6.374999121608165296e+03 3.374999121603550520e+03 0.000000000000000000e+00 3.654731001848621208e-01
2.708275519134560883e-01 3.515638732278380485e+04 4.749664949500928931e-05 -3.751284849752793867e-03 -7.110688965941059223e+02 6.928556435395181610e-07 1.515091197110717599e-04 2.625036153080143464e+01 5.624999996798960638e+03 6.374999996801229827e+03 0.000000000000000000e+00 2.708275519134560883e-01
7.033174261569858920e-01 6.890649049499750254e+04 -1.117158356326127810e+00 1.997866800636138168e-03 -7.110616535737233335e+02 2.081609178589376857e-02 1.060015994735362095e-03 3.748421217838435293e+00 4.124944696644639407e+03 4.124944696651097729e+03 0.000000000000000000e+00 7.033174261569858920e-01
-1.432906568375336490e-02 5.203124340487579320e+04 -4.189246637558335972e-04 -1.220605942654593448e-04 -7.110705871749780727e+02 -6.331839172652899235e-06 -2.727911674010603370e-04 -1.875081330956866665e+01 7.125000000000540240e+03 1.874999999998688963e+03 0.000000000000000000e+00 -1.432906568375336490e-02
4.429233827047900363e-01 3.515605998059458216e+04 1.073112155711654814e-04 -4.630416061006881016e-03 -7.110615643609015706e+02 1.425116159799965214e-06 -5.977898387988048743e-04 2.625027979177339787e+01 4.124999913596618171e+03 6.374999913599928732e+03 0.000000000000000000e+00 4.429233827047900363e-01
1.890266263553346482e+00 1.265684203466172403e+04 6.763482781765380203e+00 -1.998472014572987704e-02 -7.110752352415563564e+02 2.238329478991292476e-02 5.009306577515425241e-02 -3.375431683228789836e+01 3.374188112655634086e+03 3.741881126602355607e+02 0.000000000000000000e+00 1.890266263553346482e+00
-3.896431062030113468e-01 5.197122648761000892e+04 -2.954917861358438147e-01 -3.599239210013080448e-02 -7.110487009915373164e+02 -7.208374484913952773e-04 -1.781695276129264399e-02 -1.877525629301881338e+01 2.622008518003338395e+03 1.872008518005380211e+03 0.000000000000000000e+00 -3.896431062030113468e-01
2.105765885018614281e+00 6.890395835109677864e+04 -6.217481921988971894e-04 7.063071889343076372e-03 -7.110553773366168571e+02 -1.170700973201100385e-05 3.674739519181769842e-03 -3.753382733031713325e+00 1.874328536479416471e+03 3.374328536488904319e+03 0.000000000000000000e+00 2.105765885018614281e+00
1.352922502465421228e-01 6.328171788686489163e+04 -4.247198632575429744e-04 1.226307278436006721e-03 -7.110739213646763801e+02 -7.630631350319331266e-06 4.370708927738198931e-04 -1.125037424746817827e+01 7.124999972072334458e+03 2.624999972068492752e+03 0.000000000000000000e+00 1.352922502465421228e-01
1.174543994932841229e-01 1.265621841629386836e+04 1.503909204808124567e-01 -2.103305029468569703e-03 -7.110643013127765926e+02 -1.583005650684154737e-03 1.053163904999294769e-04 3.375003197111249875e+01 4.874999999800807927e+03 7.124999999801309968e+03 0.000000000000000000e+00 1.174543994932841229e-01
6.460089168666878490e-02 6.328114965422009845e+04 1.109958132294825983e+00 -1.020343020731433658e-03 -7.110493368775764793e+02 -1.403881078546957012e-02 1.230509318772920568e-04 1.124922181957241563e+01 3.749955603801661255e+02 4.874995560383655175e+03 0.000000000000000000e+00 6.460089168666878490e-02
