1.000000000000000000e+00 0.000000000000000000e+00 0.000000000000000000e+00 0.000000000000000000e+00
2.000000000000000000e+00 6.000000000000000000e+03 0.000000000000000000e+00 0.000000000000000000e+00
3.000000000000000000e+00 6.000000000000000000e+03 6.000000000000000000e+03 0.000000000000000000e+00
4.000000000000000000e+00 0.000000000000000000e+00 6.000000000000000000e+03 0.000000000000000000e+00
5.000000000000000000e+00 5.999999999985578825e+02 0.000000000000000000e+00 0.000000000000000000e+00
6.000000000000000000e+00 1.199999999996392035e+03 0.000000000000000000e+00 0.000000000000000000e+00
7.000000000000000000e+00 1.799999999993168103e+03 0.000000000000000000e+00 0.000000000000000000e+00
8.000000000000000000e+00 2.399999999991312507e+03 0.000000000000000000e+00 0.000000000000000000e+00
9.000000000000000000e+00 2.999999999990363449e+03 0.000000000000000000e+00 0.000000000000000000e+00
1.000000000000000000e+01 3.599999999989414391e+03 0.000000000000000000e+00 0.000000000000000000e+00
1.100000000000000000e+01 4.199999999989211574e+03 0.000000000000000000e+00 0.000000000000000000e+00
1.200000000000000000e+01 4.799999999992812263e+03 0.000000000000000000e+00 0.000000000000000000e+00
1.300000000000000000e+01 5.399999999996406586e+03 0.000000000000000000e+00 0.000000000000000000e+00
1.400000000000000000e+01 6.000000000000000000e+03 5.999999999985578825e+02 0.000000000000000000e+00
1.500000000000000000e+01 6.000000000000000000e+03 1.199999999996392035e+03 0.000000000000000000e+00
1.600000000000000000e+01 6.000000000000000000e+03 1.799999999993168103e+03 0.000000000000000000e+00
1.700000000000000000e+01 6.000000000000000000e+03 2.399999999991312507e+03 0.000000000000000000e+00
1.800000000000000000e+01 6.000000000000000000e+03 2.999999999990363449e+03 0.000000000000000000e+00
1.900000000000000000e+01 6.000000000000000000e+03 3.599999999989414391e+03 0.000000000000000000e+00
2.000000000000000000e+01 6.000000000000000000e+03 4.199999999989211574e+03 0.000000000000000000e+00
2.100000000000000000e+01 6.000000000000000000e+03 4.799999999992812263e+03 0.000000000000000000e+00
2.200000000000000000e+01 6.000000000000000000e+03 5.399999999996406586e+03 0.000000000000000000e+00
2.300000000000000000e+01 5.400000000003196874e+03 6.000000000000000000e+03 0.000000000000000000e+00
2.400000000000000000e+01 4.800000000005754373e+03 6.000000000000000000e+03 0.000000000000000000e+00
2.500000000000000000e+01 4.200000000010584699e+03 6.000000000000000000e+03 0.000000000000000000e+00
2.600000000000000000e+01 3.600000000012679720e+03 6.000000000000000000e+03 0.000000000000000000e+00
2.700000000000000000e+01 3.000000000012963483e+03 6.000000000000000000e+03 0.000000000000000000e+00
2.800000000000000000e+01 2.400000000013246790e+03 6.000000000000000000e+03 0.000000000000000000e+00
2.900000000000000000e+01 1.800000000012784767e+03 6.000000000000000000e+03 0.000000000000000000e+00
3.000000000000000000e+01 1.200000000008519237e+03 6.000000000000000000e+03 0.000000000000000000e+00
3.100000000000000000e+01 6.000000000042591637e+02 6.000000000000000000e+03 0.000000000000000000e+00
3.200000000000000000e+01 0.000000000000000000e+00 5.400000000003196874e+03 0.000000000000000000e+00
3.300000000000000000e+01 0.000000000000000000e+00 4.800000000005754373e+03 0.000000000000000000e+00
3.400000000000000000e+01 0.000000000000000000e+00 4.200000000010584699e+03 0.000000000000000000e+00
3.500000000000000000e+01 0.000000000000000000e+00 3.600000000012679720e+03 0.000000000000000000e+00
3.600000000000000000e+01 0.000000000000000000e+00 3.000000000012963483e+03 0.000000000000000000e+00
3.700000000000000000e+01 0.000000000000000000e+00 2.400000000013246790e+03 0.000000000000000000e+00
3.800000000000000000e+01 0.000000000000000000e+00 1.800000000012784767e+03 0.000000000000000000e+00
3.900000000000000000e+01 0.000000000000000000e+00 1.200000000008519237e+03 0.000000000000000000e+00
4.000000000000000000e+01 0.000000000000000000e+00 6.000000000042591637e+02 0.000000000000000000e+00
4.100000000000000000e+01 5.998845060032851961e+02 2.999884506013935606e+03 0.000000000000000000e+00
4.200000000000000000e+01 5.399999995361427864e+03 2.999999995353284703e+03 0.000000000000000000e+00
4.300000000000000000e+01 3.600000000010627900e+03 5.400000000001467015e+03 0.000000000000000000e+00
4.400000000000000000e+01 2.399420810237702426e+03 5.994208102438736887e+02 0.000000000000000000e+00
4.500000000000000000e+01 4.199999918615602837e+03 5.999999186223003562e+02 0.000000000000000000e+00
4.600000000000000000e+01 1.800000000009212272e+03 5.400000000000869477e+03 0.000000000000000000e+00
4.700000000000000000e+01 5.972677221474507405e+02 1.797267722155045931e+03 0.000000000000000000e+00
4.800000000000000000e+01 5.400000000000466571e+03 4.199999999994189238e+03 0.000000000000000000e+00
4.900000000000000000e+01 5.999998904462811424e+02 4.799999890450578278e+03 0.000000000000000000e+00
5.000000000000000000e+01 5.399999995217816831e+03 1.199999995215227727e+03 0.000000000000000000e+00
5.100000000000000000e+01 5.400000000001063199e+03 4.799999999996407496e+03 0.000000000000000000e+00
5.200000000000000000e+01 5.939243688354481492e+02 1.193924368840628858e+03 0.000000000000000000e+00
5.300000000000000000e+01 4.200000000007959898e+03 5.400000000001336957e+03 0.000000000000000000e+00
5.400000000000000000e+01 4.800000000004721187e+03 5.400000000000187356e+03 0.000000000000000000e+00
5.500000000000000000e+01 1.797241275005522539e+03 5.972412750098181959e+02 0.000000000000000000e+00
5.600000000000000000e+01 1.194237644685354326e+03 5.942376446885132282e+02 0.000000000000000000e+00
5.700000000000000000e+01 2.400000000011170869e+03 5.400000000000721229e+03 0.000000000000000000e+00
5.800000000000000000e+01 3.599994451750857934e+03 5.999944517587684913e+02 0.000000000000000000e+00
5.900000000000000000e+01 5.399999989663659107e+03 1.799999989657951801e+03 0.000000000000000000e+00
6.000000000000000000e+01 5.999987397656001349e+02 4.199998739773809575e+03 0.000000000000000000e+00
6.100000000000000000e+01 5.399999998571404831e+03 5.999999985723295595e+02 0.000000000000000000e+00
6.200000000000000000e+01 5.999999863083733089e+02 5.399999986307961990e+03 0.000000000000000000e+00
6.300000000000000000e+01 5.951410078792778222e+02 5.951410078826177141e+02 0.000000000000000000e+00
6.400000000000000000e+01 5.400000000002084562e+03 5.399999999998347448e+03 0.000000000000000000e+00
6.500000000000000000e+01 2.399999783706432027e+03 4.799999783699651744e+03 0.000000000000000000e+00
6.600000000000000000e+01 3.599985476966441638e+03 1.199985476971546404e+03 0.000000000000000000e+00
6.700000000000000000e+01 1.797538953216461323e+03 1.197538953219366704e+03 0.000000000000000000e+00
6.800000000000000000e+01 4.199999998862696884e+03 4.799999998858665094e+03 0.000000000000000000e+00
6.900000000000000000e+01 1.199999571789132460e+03 4.799999571789619040e+03 0.000000000000000000e+00
7.000000000000000000e+01 4.799999829553897143e+03 1.199999829553885093e+03 0.000000000000000000e+00
7.100000000000000000e+01 5.993036660603216887e+02 2.399303666069748033e+03 0.000000000000000000e+00
7.200000000000000000e+01 5.399999998266170223e+03 3.599999998258693267e+03 0.000000000000000000e+00
7.300000000000000000e+01 2.999999986492485277e+03 5.399999986482132954e+03 0.000000000000000000e+00
7.400000000000000000e+01 2.999877035116119714e+03 5.998770351235676799e+02 0.000000000000000000e+00
7.500000000000000000e+01 5.399999988940610820e+03 2.399999988933180703e+03 0.000000000000000000e+00
7.600000000000000000e+01 5.999737708317663873e+02 3.599973770841922487e+03 0.000000000000000000e+00
7.700000000000000000e+01 4.799999954280699967e+03 5.999999542845637279e+02 0.000000000000000000e+00
7.800000000000000000e+01 1.199999937920280445e+03 5.399999937915897135e+03 0.000000000000000000e+00
7.900000000000000000e+01 1.197482905952441570e+03 1.797482905956609557e+03 0.000000000000000000e+00
8.000000000000000000e+01 1.195675930738831084e+03 1.195675930742364699e+03 0.000000000000000000e+00
8.100000000000000000e+01 4.799999999350420694e+03 4.199999999346883669e+03 0.000000000000000000e+00
8.200000000000000000e+01 4.799999999778880920e+03 4.799999999775032848e+03 0.000000000000000000e+00
8.300000000000000000e+01 1.798600657621947903e+03 1.798600657624782798e+03 0.000000000000000000e+00
8.400000000000000000e+01 4.199999948820767713e+03 4.199999948818019220e+03 0.000000000000000000e+00
8.500000000000000000e+01 1.199955314837560763e+03 3.599955314844482018e+03 0.000000000000000000e+00
8.600000000000000000e+01 4.799999523283341659e+03 2.399999523278077504e+03 0.000000000000000000e+00
8.700000000000000000e+01 1.199086096069088399e+03 2.399086096074932357e+03 0.000000000000000000e+00
8.800000000000000000e+01 4.799999986646816069e+03 3.599999986642241765e+03 0.000000000000000000e+00
8.900000000000000000e+01 2.999819387497029311e+03 1.199819387502294603e+03 0.000000000000000000e+00
9.000000000000000000e+01 2.999999906521361027e+03 4.799999906514203758e+03 0.000000000000000000e+00
9.100000000000000000e+01 1.799999528623951619e+03 4.799999528620528508e+03 0.000000000000000000e+00
9.200000000000000000e+01 4.199996576919565086e+03 1.199996576922336317e+03 0.000000000000000000e+00
9.300000000000000000e+01 3.599999972941844590e+03 4.799999972935919686e+03 0.000000000000000000e+00
9.400000000000000000e+01 2.399114051294335695e+03 1.199114051298624645e+03 0.000000000000000000e+00
9.500000000000000000e+01 4.799999273126624757e+03 1.799999273123405828e+03 0.000000000000000000e+00
9.600000000000000000e+01 1.199989774068051474e+03 4.199989774072544606e+03 0.000000000000000000e+00
9.700000000000000000e+01 1.799349855094121722e+03 2.399349855097505042e+03 0.000000000000000000e+00
9.800000000000000000e+01 2.999998518480148505e+03 4.199998518476460049e+03 0.000000000000000000e+00
9.900000000000000000e+01 2.999815972611236248e+03 1.799815972614691191e+03 0.000000000000000000e+00
1.000000000000000000e+02 4.199999623585361405e+03 3.599999623582896220e+03 0.000000000000000000e+00
1.010000000000000000e+02 1.199722963414636752e+03 2.999722963421459099e+03 0.000000000000000000e+00
1.020000000000000000e+02 4.799999735536764092e+03 2.999999735531541319e+03 0.000000000000000000e+00
1.030000000000000000e+02 2.399995248603838718e+03 4.199995248601536332e+03 0.000000000000000000e+00
1.040000000000000000e+02 1.799989693990156866e+03 4.199989693990814885e+03 0.000000000000000000e+00
1.050000000000000000e+02 3.599953169508548854e+03 1.799953169510827820e+03 0.000000000000000000e+00
1.060000000000000000e+02 4.199991184494010668e+03 1.799991184493756691e+03 0.000000000000000000e+00
1.070000000000000000e+02 2.399334684937494785e+03 1.799334684940660281e+03 0.000000000000000000e+00
1.080000000000000000e+02 3.599999492419890885e+03 4.199999492416590329e+03 0.000000000000000000e+00
1.090000000000000000e+02 4.199998319766646091e+03 2.999998319764118605e+03 0.000000000000000000e+00
1.100000000000000000e+02 2.999987535860449498e+03 3.599987535859601394e+03 0.000000000000000000e+00
1.110000000000000000e+02 1.799758784027274942e+03 2.999758784031025243e+03 0.000000000000000000e+00
1.120000000000000000e+02 3.599966700744661466e+03 2.399966700745248090e+03 0.000000000000000000e+00
1.130000000000000000e+02 4.199990576904760019e+03 2.399990576902777775e+03 0.000000000000000000e+00
1.140000000000000000e+02 2.399960880139722121e+03 3.599960880140249628e+03 0.000000000000000000e+00
1.150000000000000000e+02 1.799925617119968592e+03 3.599925617122960375e+03 0.000000000000000000e+00
1.160000000000000000e+02 2.399639830893383078e+03 2.399639830896026069e+03 0.000000000000000000e+00
1.170000000000000000e+02 3.599995846158345103e+03 3.599995846156729840e+03 0.000000000000000000e+00
1.180000000000000000e+02 3.599984418128784455e+03 2.999984418128264679e+03 0.000000000000000000e+00
1.190000000000000000e+02 2.999940887068952634e+03 2.999940887069716155e+03 0.000000000000000000e+00
1.200000000000000000e+02 2.999848614355141308e+03 2.399848614357058523e+03 0.000000000000000000e+00
1.210000000000000000e+02 2.399833500461348194e+03 2.999833500463169912e+03 0.000000000000000000e+00
