1.421085471520200372e-14 3.637978807091712952e-12 1.713837231684292150e-16 -5.999999999352970015e+00 1.400000000000401997e+03 4.376432173362603343e-10 -3.794092113174399655e-15 1.321672042477243951e-14 3.899975407912995252e+03 2.099975407913152594e+03 0.000000000000000000e+00 1.421085471520200372e-14
3.765876499528530985e-13 -3.637978807091712952e-12 3.036832793570664873e-15 -5.999999999867574374e+00 1.400000000001511353e+03 3.307764441961455739e-10 -5.402390930667942374e-15 -1.811160492722028866e-14 3.899985003886213235e+03 2.699985003885102287e+03 0.000000000000000000e+00 3.765876499528530985e-13
1.222133505507372320e-12 -3.637978807091712952e-12 -4.528123707164271477e-15 -6.000000009537663104e+00 1.400000000000461796e+03 -5.927250011124249938e-10 -1.830342203335674116e-14 1.082161991904494043e-14 8.947447380347277885e+02 8.947447380385310680e+02 0.000000000000000000e+00 1.222133505507372320e-12
-1.037392394209746271e-12 -7.275957614183425903e-12 1.053956700094439346e-15 -6.000000000275599987e+00 1.400000000000775344e+03 3.618399285056516552e-10 1.973155083330650257e-14 8.490977449220254618e-15 3.299977171804132922e+03 3.299977171803578130e+03 0.000000000000000000e+00 -1.037392394209746271e-12
1.058708676282549277e-12 0.000000000000000000e+00 5.434175875318944583e-15 -6.000000000799341038e+00 1.399999999998995918e+03 2.312635977907804135e-10 -3.040990763979187718e-14 -1.270877230451950601e-14 2.099869695437078462e+03 3.299869695439351744e+03 0.000000000000000000e+00 1.058708676282549277e-12
2.067679361061891541e-12 -7.275957614183425903e-12 8.297342472342557558e-15 -6.000000000581534820e+00 1.399999999999856072e+03 3.505023530296824838e-10 -7.209192826703077517e-15 1.828862585560831420e-15 2.699930700882618112e+03 3.299930700883183817e+03 0.000000000000000000e+00 2.067679361061891541e-12
1.620037437533028424e-12 3.637978807091712952e-12 -1.006271923458184425e-14 -6.000000000331328742e+00 1.399999999995565076e+03 2.782704676191466633e-11 -7.978304870824699057e-15 -2.077998765420709765e-14 1.499994642117823332e+03 4.499994642118376760e+03 0.000000000000000000e+00 1.620037437533028424e-12
4.902744876744691283e-12 0.000000000000000000e+00 6.472998316798713674e-15 -6.000000000298786773e+00 1.400000000000460432e+03 4.316361094270102952e-10 1.430302868907603035e-15 2.988525762940001806e-15 3.299935155074384966e+03 2.699935155075072089e+03 0.000000000000000000e+00 4.902744876744691283e-12
3.517186542012495920e-11 -3.637978807091712952e-12 -6.938651906842352008e-15 -6.000000001262719707e+00 1.399999999989405751e+03 -3.393711685231333588e-10 -3.958350002946338800e-15 1.332106123351565658e-15 8.999999810603580954e+02 5.699999981055964781e+03 0.000000000000000000e+00 3.517186542012495920e-11
2.437161583657143638e-12 0.000000000000000000e+00 2.194962328640540115e-14 -6.000000000076147977e+00 1.400000000008534698e+03 -2.173220639115874801e-10 -2.613306831191108217e-15 -5.969031882694147288e-15 5.700000000000786713e+03 5.099999999995993676e+03 0.000000000000000000e+00 2.437161583657143638e-12
-4.575895218295045197e-12 7.275957614183425903e-12 2.598738495180356061e-15 -6.000000014627770106e+00 1.399999999993857500e+03 -1.559359740788789051e-10 1.428618523410269714e-14 6.032627282371165277e-16 5.099999988210331139e+03 2.999999882142233218e+02 0.000000000000000000e+00 -4.575895218295045197e-12
-2.337685600650729612e-12 3.637978807091712952e-12 -1.473540528870381418e-14 -6.000000000363739261e+00 1.399999999989828439e+03 -2.552839550156294854e-10 -5.014801248607065632e-15 -2.943795535539064397e-15 2.999999965781581182e+02 5.699999996577789716e+03 0.000000000000000000e+00 -2.337685600650729612e-12
4.028777311759768054e-12 -3.637978807091712952e-12 1.048374510091126145e-14 -5.999999999668341744e+00 1.400000000007747076e+03 -2.308569876346623549e-10 -3.524345150754009920e-17 8.238235947595596405e-15 5.700000000001320586e+03 5.699999999998688509e+03 0.000000000000000000e+00 4.028777311759768054e-12
-1.129762949858559296e-12 -3.637978807091712952e-12 9.623957478390851505e-16 -5.999999999468976775e+00 1.400000000001325816e+03 2.068599361693442525e-10 -1.154679384636956126e-14 2.166438268297805634e-14 4.499996716023524641e+03 1.499996716023346153e+03 0.000000000000000000e+00 -1.129762949858559296e-12
-1.069366817318950780e-10 1.091393642127513885e-11 7.351183584475788336e-15 -6.000000000492422103e+00 1.400000000006905339e+03 -2.872704602667215072e-10 -5.823249278158427332e-15 9.432871108669421584e-15 5.099999999946687240e+03 5.099999999942493560e+03 0.000000000000000000e+00 -1.069366817318950780e-10
3.396394276933278888e-12 7.275957614183425903e-12 1.085004944983414492e-14 -6.000000002153178080e+00 1.399999999978206915e+03 -8.111098993652361493e-10 -5.953178096543817931e-15 1.549155754412087928e-14 2.977980227457247224e+02 1.497798022754244585e+03 0.000000000000000000e+00 3.396394276933278888e-12
-1.236344360222574323e-12 0.000000000000000000e+00 -1.127280175064356630e-14 -5.999999999951009855e+00 1.400000000009214091e+03 -2.139107695631786684e-10 -2.126254171357900815e-15 1.604374191674730433e-14 5.700000000000381988e+03 4.499999999993155143e+03 0.000000000000000000e+00 -1.236344360222574323e-12
1.510116476310940925e-10 -3.637978807091712952e-12 7.837136572217643419e-15 -5.999999999734864531e+00 1.399999999994152859e+03 -5.815461538609745272e-10 6.806909064848123149e-15 -5.422879404747321130e-15 8.960877319185428860e+02 1.496087731923662204e+03 0.000000000000000000e+00 1.510116476310940925e-10
1.847411112976260483e-13 -3.637978807091712952e-12 1.425879453298046312e-15 -5.999999999932370542e+00 1.400000000006961727e+03 -2.453806747586902629e-10 4.819524282051666964e-15 -1.178577677180518924e-14 5.099999999782707164e+03 4.499999999778128768e+03 0.000000000000000000e+00 1.847411112976260483e-13
-6.181721801112871617e-13 0.000000000000000000e+00 -5.341059895063113682e-15 -6.000000000118050458e+00 1.400000000003278728e+03 2.226467236986293298e-10 -9.230880292336561601e-15 2.202390569527390843e-15 3.899998727746091390e+03 3.899998727743558447e+03 0.000000000000000000e+00 -6.181721801112871617e-13
-3.552713678800500929e-14 1.091393642127513885e-11 4.336191684652778587e-15 -5.999999999668262696e+00 1.399999999994506879e+03 6.774484841249634429e-11 -1.049301204166320605e-14 1.256481596935025280e-14 1.499999759585644370e+03 5.099999759581728540e+03 0.000000000000000000e+00 -3.552713678800500929e-14
6.274092356761684641e-11 7.275957614183425903e-12 -4.183786391138795608e-15 -6.000000007019759884e+00 1.400000000024873088e+03 -3.007991925924113633e-09 -2.395060499185543142e-15 1.028702711909851221e-15 5.699999999641952854e+03 2.999999996427218321e+02 0.000000000000000000e+00 6.274092356761684641e-11
4.192202140984591097e-13 -1.091393642127513885e-11 -4.560498908243587045e-15 -5.999999991106060193e+00 1.399999999998218755e+03 4.363135081828703491e-10 7.086603458665931870e-15 -2.313730943745913717e-14 4.499999069842440804e+03 8.999990698457713734e+02 0.000000000000000000e+00 4.192202140984591097e-13
-3.154809746774844825e-12 7.275957614183425903e-12 1.071332526145285159e-15 -6.000000001555013007e+00 1.399999999993228585e+03 1.323625318549556731e-10 7.289000132626901973e-15 8.748953070882591316e-18 1.499999984487699066e+03 5.699999984479191880e+03 0.000000000000000000e+00 -3.154809746774844825e-12
1.627782353352813516e-10 7.275957614183425903e-12 1.204187081936969937e-15 -6.000000012910446046e+00 1.399999999994516429e+03 9.295720904782192001e-10 -4.016692354696510780e-15 3.539305779604354986e-15 4.499999968219581206e+03 2.999999682267160210e+02 0.000000000000000000e+00 1.627782353352813516e-10
1.608029265298682731e-10 -1.455191522836685181e-11 -8.359236940792120759e-15 -6.000000006531129415e+00 1.399999999971749503e+03 -1.393032332497304938e-09 6.544544342533392136e-16 -1.395427790048415037e-14 2.972663441786814928e+02 8.972663441840062433e+02 0.000000000000000000e+00 1.608029265298682731e-10
-4.263256414560601115e-14 -7.275957614183425903e-12 -2.793628810969214836e-15 -6.000000000739208694e+00 1.400000000000603677e+03 4.802233382248248194e-10 -2.890704310890167042e-15 -3.947716419579549794e-15 2.699659775699313286e+03 2.099659775702109073e+03 0.000000000000000000e+00 -4.263256414560601115e-14
-2.835065515682799742e-12 0.000000000000000000e+00 6.497146036639212926e-15 -5.999999999941858952e+00 1.399999999988823674e+03 -2.466975196290248514e-10 1.905887350878282762e-14 -1.144829499870082102e-15 2.999999691886636128e+02 5.099999969191872879e+03 0.000000000000000000e+00 -2.835065515682799742e-12
3.993250174971763045e-12 3.637978807091712952e-12 1.550784704348218141e-14 -5.999999998717974847e+00 1.400000000006736173e+03 -3.567897172376793125e-10 -2.025453707191280399e-15 -5.871898415517697967e-15 5.100000000003939931e+03 5.699999999999634383e+03 0.000000000000000000e+00 3.993250174971763045e-12
-1.421085471520200372e-12 3.637978807091712952e-12 3.245951341539628087e-15 -6.000000001165720853e+00 1.400000000001095486e+03 3.122898152045869604e-10 -9.345026888024282169e-15 -1.786290391169754831e-14 2.099231257136736986e+03 2.099231257139743320e+03 0.000000000000000000e+00 -1.421085471520200372e-12
-1.071640554073383100e-10 -7.275957614183425903e-12 -1.278731245969075022e-14 -5.999999996630856813e+00 1.400000000002102979e+03 1.069457409829878714e-09 -7.412138572112012608e-15 -1.282299542250018493e-15 2.699824461333874751e+03 2.998244613418603421e+02 0.000000000000000000e+00 -1.071640554073383100e-10
2.501110429875552654e-12 0.000000000000000000e+00 7.731688148557838762e-15 -5.999999998764258713e+00 1.400000000001260560e+03 2.601294706250214209e-10 -3.188858546536767483e-15 7.058724551343081067e-15 3.299999996632189323e+03 5.699999996620899765e+03 0.000000000000000000e+00 2.501110429875552654e-12
1.402611360390437767e-10 -3.637978807091712952e-12 -5.738793445748030732e-16 -6.000000001878071920e+00 1.400000000005693664e+03 2.166506649464785052e-10 1.156595685413358112e-14 2.532898421202693005e-14 1.496173450911542204e+03 8.961734509150157919e+02 0.000000000000000000e+00 1.402611360390437767e-10
2.657429831742774695e-12 -2.182787284255027771e-11 -6.271698761812308490e-15 -6.000000001045178166e+00 1.399999999982029749e+03 -5.457245625397616001e-10 9.067882501119809042e-15 -1.292467352615227532e-14 2.991428470519431357e+02 2.099142847062706096e+03 0.000000000000000000e+00 2.657429831742774695e-12
5.684341886080801487e-14 -1.455191522836685181e-11 -1.658483626513272091e-15 -6.000000000530607558e+00 1.399999999999695547e+03 3.159665909836207886e-10 -7.435492658872705113e-15 -1.688321702977760708e-14 2.699985545771039597e+03 3.899985545769462078e+03 0.000000000000000000e+00 5.684341886080801487e-14
-6.750155989720951766e-13 1.091393642127513885e-11 -6.411589401300767568e-15 -5.999999994170276629e+00 1.400000000018841774e+03 -1.264408855641542410e-09 4.379995662568772863e-16 1.388019633862354114e-14 5.699999998447305188e+03 8.999999984456267157e+02 0.000000000000000000e+00 -6.750155989720951766e-13
6.821210263296961784e-13 0.000000000000000000e+00 -1.623238146407153934e-14 -5.999999999983524290e+00 1.400000000009838914e+03 -2.273074279441339046e-10 1.191417470327609598e-14 -9.453410625647907831e-15 5.699999999566659426e+03 3.899999999557876890e+03 0.000000000000000000e+00 6.821210263296961784e-13
-6.110667527536861598e-13 -3.637978807091712952e-12 -6.772890567106982981e-16 -6.000000000530498312e+00 1.399999999996663746e+03 3.896406938876651615e-10 1.193394548822365782e-14 5.438845012409011330e-15 2.100000000011603788e+03 5.700000000000397449e+03 0.000000000000000000e+00 -6.110667527536861598e-13
4.405364961712621152e-13 -3.637978807091712952e-12 -2.650019648865833852e-15 -5.999999999918721905e+00 1.400000000002464731e+03 2.637361606606716547e-10 1.567933002810998227e-14 1.463754113005070226e-14 3.899994551909784150e+03 3.299994551908002450e+03 0.000000000000000000e+00 4.405364961712621152e-13
-2.984279490192420781e-13 3.637978807091712952e-12 -6.778786018576678561e-15 -6.000000001944341577e+00 1.399999999992016228e+03 -4.694008194398172472e-10 1.246009316026961719e-14 -1.535737820872628251e-15 8.982850975573256846e+02 2.098285097564084026e+03 0.000000000000000000e+00 -2.984279490192420781e-13
-4.895639449387090281e-12 7.275957614183425903e-12 -1.985326187147766263e-15 -6.000000000150498281e+00 1.399999999985942623e+03 -3.251417595740689952e-10 1.151347263132623061e-14 -1.075586695372622781e-15 2.999645692087628959e+02 3.299964569220375779e+03 0.000000000000000000e+00 -4.895639449387090281e-12
3.510081114654894918e-12 -1.091393642127513885e-11 -1.373031372660339270e-14 -6.000000000442457626e+00 1.399999999997331543e+03 2.530031326744604570e-10 1.630035040285405007e-15 1.023557933204845551e-14 2.099996063731094637e+03 4.499996063728132867e+03 0.000000000000000000e+00 3.510081114654894918e-12
-1.563194018672220409e-12 -3.637978807091712952e-12 6.822618919148602752e-16 -6.000000000882819151e+00 1.400000000008191137e+03 -4.728539580380747080e-11 3.552877377097653662e-15 1.533437490752300420e-14 4.499999999663565177e+03 5.099999999658804882e+03 0.000000000000000000e+00 -1.563194018672220409e-12
-6.394884621840901673e-14 -7.275957614183425903e-12 1.545515406888734123e-15 -6.000000000266314082e+00 1.399999999996856786e+03 3.026082723879257742e-10 -1.944686788410672545e-14 -1.282334450629507355e-14 2.099999828087691640e+03 5.099999828080442967e+03 0.000000000000000000e+00 -6.394884621840901673e-14
-6.123457296780543402e-11 0.000000000000000000e+00 -3.456932557145814747e-16 -6.000000000521817256e+00 1.400000000000068894e+03 2.705596043766950507e-10 -9.978777557003319030e-15 -5.565130155087604325e-15 2.699999919182862413e+03 5.099999919174177194e+03 0.000000000000000000e+00 -6.123457296780543402e-11
-7.531752999057061970e-13 0.000000000000000000e+00 -6.422067493334601332e-15 -6.000000007335787977e+00 1.399999999998261501e+03 1.351239774232774379e-09 -4.253101384936873154e-15 -3.787531470776925408e-15 3.899998592586272025e+03 2.999985925952672119e+02 0.000000000000000000e+00 -7.531752999057061970e-13
-2.408739874226739630e-12 0.000000000000000000e+00 -5.532831684521546502e-15 -6.000000000020537350e+00 1.399999999999254669e+03 6.071901104032739403e-10 1.650900646551211496e-15 -7.133020749068346549e-15 3.899981601972142016e+03 1.499981601974616751e+03 0.000000000000000000e+00 -2.408739874226739630e-12
5.684341886080801487e-13 1.455191522836685181e-11 2.144647547213843605e-14 -5.999999999900039072e+00 1.400000000011428938e+03 -3.282345834737906271e-10 4.559197390099399715e-15 -1.495664773842427341e-14 5.699999996075509443e+03 2.699999996067035227e+03 0.000000000000000000e+00 5.684341886080801487e-13
-1.982414232770679519e-12 -1.455191522836685181e-11 4.633328543504472131e-15 -5.999999994708081985e+00 1.399999999998397243e+03 8.845491869944133133e-10 7.900543265316476984e-16 8.409426695868676730e-15 3.899994106063117215e+03 8.999941060687378922e+02 0.000000000000000000e+00 -1.982414232770679519e-12
1.295106244469934609e-10 7.275957614183425903e-12 -3.922417434796791021e-15 -5.999999986112184658e+00 1.400000000015731075e+03 1.601229852131577541e-12 7.447283773921152155e-15 7.709619049022253852e-16 8.973446631398956015e+02 2.973446631427827356e+02 0.000000000000000000e+00 1.295106244469934609e-10
8.610356871940894052e-11 -1.091393642127513885e-11 -2.350471776490639639e-14 -5.999999999974986231e+00 1.400000000006948312e+03 -2.260807936057099523e-10 -1.686054741430993079e-15 1.429012029701276235e-14 5.099999996065968844e+03 3.899999996060502326e+03 0.000000000000000000e+00 8.610356871940894052e-11
-1.115552095143357292e-12 3.637978807091712952e-12 -1.333214792421078478e-14 -6.000000000104111386e+00 1.400000000001456101e+03 2.827664995215248375e-10 -4.051272149649878746e-15 6.565066996577206439e-15 3.299999472590811365e+03 4.499999472585793228e+03 0.000000000000000000e+00 -1.115552095143357292e-12
-1.989519660128280520e-13 -7.275957614183425903e-12 3.576843938099040105e-15 -6.000000000683501256e+00 1.400000000000161663e+03 4.038990837970261986e-10 3.054665497670602626e-15 1.422909021175827098e-14 2.699815708194706076e+03 2.699815708196492778e+03 0.000000000000000000e+00 -1.989519660128280520e-13
1.667146420913923066e-10 0.000000000000000000e+00 2.655296956949164987e-16 -6.000000000472361705e+00 1.400000000001575017e+03 2.628388269130221866e-10 8.650143745627587657e-15 -1.252965632286960306e-14 3.299999966491579471e+03 5.099999966483430399e+03 0.000000000000000000e+00 1.667146420913923066e-10
4.000355602329364046e-12 3.637978807091712952e-12 -4.481010931445612503e-15 -6.000000000187475813e+00 1.400000000000287628e+03 5.312360929027778491e-10 -1.336225834545535637e-14 7.325101287980279832e-15 3.299896114304897310e+03 2.099896114306956406e+03 0.000000000000000000e+00 4.000355602329364046e-12
-1.747935129969846457e-12 3.637978807091712952e-12 -2.404714460418015388e-17 -6.000000000104080300e+00 1.400000000001806029e+03 7.568041222187399010e-10 1.568144108207653963e-16 -9.356453240803111107e-15 2.699557821036296900e+03 8.995578210420901542e+02 0.000000000000000000e+00 -1.747935129969846457e-12
4.085620730620576069e-12 0.000000000000000000e+00 -3.328556986959281549e-15 -5.999999999700634135e+00 1.400000000005993343e+03 2.144537323017557355e-11 -1.083820740292880184e-15 -1.087566277614557355e-14 4.499999416383896460e+03 3.299999416380199364e+03 0.000000000000000000e+00 4.085620730620576069e-12
4.398259534355020151e-12 7.275957614183425903e-12 9.009890783432972792e-16 -5.999999997735102397e+00 1.400000000000970886e+03 8.663519311047370621e-10 4.770576514663726880e-15 4.075367777826087785e-16 3.299919087832612149e+03 8.999190878390443231e+02 0.000000000000000000e+00 4.398259534355020151e-12
-6.892264536872971803e-13 -3.637978807091712952e-12 -1.831368618180192426e-14 -6.000000000345196760e+00 1.399999999999737156e+03 2.932574545457749776e-10 1.541203106210897338e-14 1.872011819671602777e-14 2.699998364327944728e+03 4.499998364322962516e+03 0.000000000000000000e+00 -6.892264536872971803e-13
-6.394884621840901673e-13 -7.275957614183425903e-12 2.538660523782861798e-15 -6.000000000771532171e+00 1.399999999997644181e+03 -2.499146222622907961e-11 -2.184567854111128560e-14 5.635073587441152576e-15 1.499840669849860205e+03 3.299840669854981570e+03 0.000000000000000000e+00 -6.394884621840901673e-13
6.515676886920118704e-11 0.000000000000000000e+00 -2.398103898901058527e-15 -6.000000000590292260e+00 1.399999999998079147e+03 2.310734197503029369e-10 1.747957294957979709e-14 6.666834913214916837e-15 2.099967859963421688e+03 3.899967859963890533e+03 0.000000000000000000e+00 6.515676886920118704e-11
-2.174260771425906569e-12 1.091393642127513885e-11 -2.894495462139235396e-15 -6.000000001406660566e+00 1.400000000001289891e+03 -3.694749518301922349e-11 -3.050680031313498075e-15 2.839507511530616165e-14 1.498629878684399955e+03 2.098629878688457211e+03 0.000000000000000000e+00 -2.174260771425906569e-12
3.311129148642066866e-11 0.000000000000000000e+00 1.194219522882071758e-15 -6.000000001132862693e+00 1.399999999999103011e+03 -4.255566875710310518e-11 7.656224709727442575e-15 -2.277380490656649091e-14 1.499479424651280624e+03 2.699479424656230549e+03 0.000000000000000000e+00 3.311129148642066866e-11
-4.952482868247898296e-12 1.091393642127513885e-11 -1.698065473071434931e-14 -6.000000000015898394e+00 1.400000000006815981e+03 -1.848392373845167129e-12 1.053266847387057867e-14 7.762007861360806828e-15 4.499999889600841925e+03 3.899999889597509991e+03 0.000000000000000000e+00 -4.952482868247898296e-12
-1.399840243720973376e-10 3.637978807091712952e-12 -8.648153189277358583e-16 -6.000000000944550216e+00 1.400000000000065256e+03 2.563521415966430110e-10 2.030668689141022061e-14 1.303402008490981300e-14 2.099645492619031756e+03 2.699645492621931226e+03 0.000000000000000000e+00 -1.399840243720973376e-10
-2.557953848736360669e-13 1.818989403545856476e-11 -9.072078429093452857e-15 -6.000000000530582689e+00 1.400000000001904027e+03 4.022248276822065177e-10 4.649972275561725455e-15 1.869198115041846730e-14 2.098647086767559813e+03 1.498647086770858778e+03 0.000000000000000000e+00 -2.557953848736360669e-13
2.039257651631487533e-12 -7.275957614183425903e-12 5.576082987994134911e-15 -5.999999999450467136e+00 1.400000000000816271e+03 2.194622096268041867e-10 2.060184370080782397e-15 -3.100270024167932968e-15 2.699999996632466264e+03 5.699999996620713318e+03 0.000000000000000000e+00 2.039257651631487533e-12
-5.826450433232821524e-13 0.000000000000000000e+00 5.928121836528005668e-17 -6.000000000706762648e+00 1.399999999991296363e+03 -3.761393354948493665e-10 -2.099576680855587550e-14 -1.389591492954568122e-16 8.994993078868329803e+02 2.699499307895018319e+03 0.000000000000000000e+00 -5.826450433232821524e-13
1.543298822070937604e-10 3.637978807091712952e-12 -2.483338179473250132e-15 -6.000000000393096222e+00 1.400000000000396540e+03 6.686571822694882926e-10 2.910296255946350144e-15 -2.832824726798564295e-15 3.299893501645814013e+03 1.499893501649840118e+03 0.000000000000000000e+00 1.543298822070937604e-10
-8.661515948915621266e-12 7.275957614183425903e-12 2.294223351631390209e-15 -5.999999999932522421e+00 1.400000000007361677e+03 -2.409977689022435686e-11 -5.415484276339320365e-15 -1.073031222654105892e-14 4.499999986703191098e+03 4.499999986699649526e+03 0.000000000000000000e+00 -8.661515948915621266e-12
-1.129762949858559296e-12 7.275957614183425903e-12 4.704268174463250118e-15 -6.000000000298721048e+00 1.399999999984392844e+03 -4.072204040608854733e-10 -8.050692517224651071e-15 2.666510029950564463e-15 2.997970430159017496e+02 2.699797043027473592e+03 0.000000000000000000e+00 -1.129762949858559296e-12
-2.415845301584340632e-13 1.091393642127513885e-11 -4.928158914373396929e-15 -5.999999999955620389e+00 1.400000000003956075e+03 2.028439587949071443e-10 1.083876297898617144e-14 -5.686369656469110855e-15 3.899999853261299904e+03 4.499999853257298128e+03 0.000000000000000000e+00 -2.415845301584340632e-13
-5.272227099339943379e-12 -1.091393642127513885e-11 -2.595545522801595486e-15 -6.000000000312683213e+00 1.400000000001140052e+03 3.146207751645070789e-10 -1.578118822422896093e-14 -1.463871080327542920e-14 3.299995348229708270e+03 3.899995348227344948e+03 0.000000000000000000e+00 -5.272227099339943379e-12
-3.694822225952520967e-13 0.000000000000000000e+00 -7.112471419247989079e-15 -6.000000001457615362e+00 1.400000000002062507e+03 1.176384976323243679e-09 -4.294773737768636216e-15 -3.003940978028058243e-15 3.299967871711688986e+03 2.999678717205840712e+02 0.000000000000000000e+00 -3.694822225952520967e-13
1.641353719605831429e-12 3.637978807091712952e-12 6.746912061238019608e-15 -5.999999999552297680e+00 1.400000000004984031e+03 5.145783913934818593e-11 1.824964432892115509e-15 1.483695410665027007e-14 4.499997038872877965e+03 2.699997038869129028e+03 0.000000000000000000e+00 1.641353719605831429e-12
-1.101341240428155288e-12 -3.637978807091712952e-12 -1.761205491647715171e-16 -6.000000001276829309e+00 1.400000000004030653e+03 3.244426117098327072e-11 5.666566179892141409e-15 -3.489315473061226507e-14 1.497324611882420413e+03 1.497324611885780996e+03 0.000000000000000000e+00 -1.101341240428155288e-12
-6.750155989720951766e-13 0.000000000000000000e+00 -1.193118396842407602e-14 -5.999999999914051863e+00 1.400000000010522626e+03 -2.627463373685400816e-10 -8.077971214965045940e-15 5.427626302124368574e-15 5.699999998406899067e+03 3.299999998397939180e+03 0.000000000000000000e+00 -6.750155989720951766e-13
1.911359959194669500e-12 -1.091393642127513885e-11 -7.555582310179876041e-15 -5.999999999733081957e+00 1.400000000006855998e+03 -2.263086694616642008e-10 1.440716300782390180e-14 -8.640135670594439041e-15 5.099999928952795017e+03 3.299999928946440377e+03 0.000000000000000000e+00 1.911359959194669500e-12
2.344791028008330613e-13 -2.182787284255027771e-11 -1.505491286537475409e-15 -5.999999998620650032e+00 1.400000000003523837e+03 1.022296559302827628e-10 1.382881781126052769e-15 -8.529778805636212130e-15 4.499995139452184048e+03 2.099995139449504677e+03 0.000000000000000000e+00 2.344791028008330613e-13
9.237055564881302416e-14 0.000000000000000000e+00 1.656002938987749653e-14 -5.999999999631082659e+00 1.400000000006586333e+03 -2.482978436353400450e-10 -6.229744051950572377e-15 7.931965933618268443e-15 5.099999810780535881e+03 2.699999810774021171e+03 0.000000000000000000e+00 9.237055564881302416e-14
-7.744915819785092026e-13 1.091393642127513885e-11 -3.527153724253537857e-15 -6.000000000409904999e+00 1.400000000001197350e+03 5.867154253406361878e-10 1.106006113765515897e-14 5.103660029658863196e-15 2.699521024085023782e+03 1.499521024089067851e+03 0.000000000000000000e+00 -7.744915819785092026e-13
-4.412470389070222154e-12 7.275957614183425903e-12 -4.070517856975425362e-15 -5.999999998606658558e+00 1.400000000005895572e+03 -3.012946927044890433e-10 7.568171988929516254e-15 -9.822468619581909925e-15 5.099999693753558859e+03 2.099999693748154186e+03 0.000000000000000000e+00 -4.412470389070222154e-12
-3.744560217455727980e-12 -7.275957614183425903e-12 2.137020647241652437e-15 -5.999999999441093301e+00 1.400000000012807277e+03 -4.448902413210872975e-10 -5.125841798518860950e-15 5.246220461572360116e-15 5.699999994651067027e+03 2.099999994643903392e+03 0.000000000000000000e+00 -3.744560217455727980e-12
3.076650045841233805e-12 0.000000000000000000e+00 2.832869628089923091e-15 -6.000000000563002089e+00 1.399999999990976221e+03 -3.152411029897448849e-10 2.573936406447383873e-14 -3.045668915289699154e-15 8.998841387718123315e+02 3.299884138780449575e+03 0.000000000000000000e+00 3.076650045841233805e-12
-6.252776074688881636e-13 -7.275957614183425903e-12 -5.744859688717548914e-15 -6.000000000470357087e+00 1.399999999996722636e+03 -5.695483004098424063e-13 2.263504627129780472e-14 9.924710906978920824e-15 1.499965100003934367e+03 3.899965100007700130e+03 0.000000000000000000e+00 -6.252776074688881636e-13
-4.973799150320701301e-13 -3.637978807091712952e-12 3.806097190865489841e-15 -6.000000000822488744e+00 1.400000000002778506e+03 5.580073701141555656e-10 1.778545590002868933e-14 -1.306455591225806719e-14 2.098328772438505439e+03 8.983287724429209220e+02 0.000000000000000000e+00 -4.973799150320701301e-13
-1.492139745096210390e-13 7.275957614183425903e-12 -1.416308738484718663e-15 -6.000000000748344497e+00 1.400000000004480171e+03 2.121957071394084562e-10 -3.283362551636288525e-15 -4.157930944870865765e-15 3.899999992955782545e+03 5.099999992949346961e+03 0.000000000000000000e+00 -1.492139745096210390e-13
4.611422355083050206e-12 1.091393642127513885e-11 -8.607073270067897904e-15 -6.000000000224589236e+00 1.399999999990764536e+03 -2.807799698531431885e-10 -2.119976210157430997e-14 2.009404022778199074e-14 8.999793998757447753e+02 3.899979399883190126e+03 0.000000000000000000e+00 4.611422355083050206e-12
-3.502975687297293916e-12 -3.637978807091712952e-12 4.294325860833138547e-15 -5.999999999473499379e+00 1.400000000004336471e+03 -3.893092006429560918e-10 -9.559474758622292923e-15 3.052281004228152642e-15 5.099999771890499687e+03 1.499999771887617726e+03 0.000000000000000000e+00 -3.502975687297293916e-12
-5.726974450226407498e-12 1.091393642127513885e-11 -1.080496914538885428e-15 -5.999999999872107637e+00 1.400000000015061005e+03 -6.752200885897679585e-10 2.760846022705472837e-16 -1.374377126222686071e-14 5.699999996220369212e+03 1.499999996215684860e+03 0.000000000000000000e+00 -5.726974450226407498e-12
1.066524646375910379e-10 -7.275957614183425903e-12 -1.376427271178999977e-14 -6.000000000077299056e+00 1.399999999987047204e+03 -2.752232351876084860e-10 -4.304950440679251631e-15 -2.028393724866673920e-14 2.999931276493416590e+02 3.899993127659749462e+03 0.000000000000000000e+00 1.066524646375910379e-10
1.698197138466639444e-12 -1.818989403545856476e-11 -5.878933919010489507e-15 -6.000000000173672632e+00 1.399999999990466677e+03 -2.702603579828640414e-10 -2.490575951908712733e-15 -2.302247591913216631e-14 8.999969940172662746e+02 4.499996994021637875e+03 0.000000000000000000e+00 1.698197138466639444e-12
9.237055564881302416e-14 -7.275957614183425903e-12 4.646930366282350881e-15 -6.000000000062462924e+00 1.399999999987946012e+03 -2.502965432222531738e-10 -1.874032505568997548e-14 2.012098058768140420e-14 2.999996575529703478e+02 4.499999657560181731e+03 0.000000000000000000e+00 9.237055564881302416e-14
2.152944489353103563e-12 -3.637978807091712952e-12 9.676451900273767215e-15 -5.999999997980830280e+00 1.400000000004887625e+03 2.657169864252683319e-10 -6.181744523780582084e-15 1.928356080109493950e-16 3.900000000010463282e+03 5.700000000000700311e+03 0.000000000000000000e+00 2.152944489353103563e-12
-4.135358722123783082e-12 0.000000000000000000e+00 -2.598051765493116321e-15 -5.999999989284401813e+00 1.399999999961645017e+03 -2.701687149957964672e-09 -1.378322180089271329e-15 1.279154316881228058e-15 2.987852519694589546e+02 2.987852519717192195e+02 0.000000000000000000e+00 -4.135358722123783082e-12
1.925570813909871504e-12 -3.637978807091712952e-12 -1.420427426926319838e-14 -5.999999993905956508e+00 1.400000000004203685e+03 8.903253931863837862e-10 -1.784221622984153020e-14 3.958189034349296159e-15 2.099165521306926621e+03 2.991655213134229712e+02 0.000000000000000000e+00 1.925570813909871504e-12
-2.131628207280300558e-13 7.275957614183425903e-12 -1.055367409769366833e-14 -5.999999991481605122e+00 1.400000000004198455e+03 4.374001633283569764e-10 -1.477051904469713127e-14 -3.565085984630578457e-15 1.497869729920109194e+03 2.978697299245828845e+02 0.000000000000000000e+00 -2.131628207280300558e-13
1.207922650792170316e-13 -3.637978807091712952e-12 1.258994898109364479e-14 -5.999999997809425167e+00 1.400000000009420091e+03 -7.397453142858287976e-11 -5.503383821055100675e-15 -1.067295208556901289e-14 4.500000000007255039e+03 5.700000000000381988e+03 0.000000000000000000e+00 1.207922650792170316e-13
-5.094591415399918333e-12 -1.091393642127513885e-11 -7.447326388371771493e-15 -5.999999988816016483e+00 1.400000000000856971e+03 -4.520387928193419367e-10 -1.894329475761544323e-14 2.041590685240389716e-16 5.099999944405954011e+03 8.999999444065015268e+02 0.000000000000000000e+00 -5.094591415399918333e-12
-2.671640686457976699e-12 -7.275957614183425903e-12 7.710837910610207638e-15 -5.999999999635813985e+00 1.399999999990054675e+03 -2.853134427435014494e-10 1.123431534306565779e-14 4.538433397107495600e-15 8.999998466160168391e+02 5.099999846616014111e+03 0.000000000000000000e+00 -2.671640686457976699e-12
