0.000000000000000000e+00 2.074956065435875358e-13
0.000000000000000000e+00 2.074956065435875358e-13
1.000000000000000000e+00 9.171755628607588639e-14
1.000000000000000000e+00 9.171755628607588639e-14
2.000000000000000000e+00 1.499974903475551764e+04
2.000000000000000000e+00 1.499974903475551764e+04
3.000000000000000000e+00 1.208302907642348873e+05
4.000000000000000000e+00 -2.528045031979486230e+05
5.000000000000000000e+00 0.000000000000000000e+00
6.000000000000000000e+00 3.310942322296427119e-14
6.000000000000000000e+00 3.310942322296427119e-14
7.000000000000000000e+00 9.057445810297939640e-14
7.000000000000000000e+00 9.057445810297939640e-14
8.000000000000000000e+00 1.499141884716875029e+04
8.000000000000000000e+00 1.499141884716875029e+04
9.000000000000000000e+00 1.199698295825870882e+05
1.000000000000000000e+01 2.521996368073837948e+05
1.100000000000000000e+01 0.000000000000000000e+00
1.200000000000000000e+01 6.145954314264562589e-14
1.200000000000000000e+01 6.145954314264562589e-14
1.300000000000000000e+01 4.425437198841602187e-14
1.300000000000000000e+01 4.425437198841602187e-14
1.400000000000000000e+01 1.498893834065352530e+04
1.400000000000000000e+01 1.498893834065352530e+04
1.500000000000000000e+01 -1.197559483923566877e+05
1.600000000000000000e+01 2.520805857924100710e+05
1.700000000000000000e+01 0.000000000000000000e+00
1.800000000000000000e+01 1.384394042759191292e-13
1.800000000000000000e+01 1.384394042759191292e-13
1.900000000000000000e+01 -8.452928346471526162e-14
1.900000000000000000e+01 -8.452928346471526162e-14
2.000000000000000000e+01 1.499178321644499010e+04
2.000000000000000000e+01 1.499178321644499010e+04
2.100000000000000000e+01 -1.199107888915015501e+05
2.200000000000000000e+01 -2.524171937168503064e+05
2.300000000000000000e+01 0.000000000000000000e+00
2.400000000000000000e+01 3.085011564257676096e-15
2.500000000000000000e+01 -4.804020608279902721e-14
2.600000000000000000e+01 1.578015389090796089e+04
3.000000000000000000e+01 -4.014412669178070897e-13
3.100000000000000000e+01 -6.173384104363879006e-14
3.200000000000000000e+01 2.154037895570178807e+04
3.600000000000000000e+01 2.433786145821029899e-13
3.700000000000000000e+01 -3.088886119928438774e-14
3.800000000000000000e+01 1.572583762384474903e+04
4.200000000000000000e+01 -1.426393639595411286e-13
4.300000000000000000e+01 -1.402760436806613451e-13
4.400000000000000000e+01 2.497560662615203910e+04
4.500000000000000000e+01 1.740240435089347593e+05
4.600000000000000000e+01 7.781236558661182644e+05
4.700000000000000000e+01 0.000000000000000000e+00
4.800000000000000000e+01 -2.767556482640242982e-13
4.900000000000000000e+01 1.253523093359634630e-13
5.000000000000000000e+01 3.077695237402975181e+04
5.100000000000000000e+01 -1.554261657004244626e+02
5.200000000000000000e+01 1.051121416209070012e+06
5.300000000000000000e+01 0.000000000000000000e+00
5.400000000000000000e+01 1.175450608713986718e-13
5.500000000000000000e+01 -1.147019357521899219e-14
5.600000000000000000e+01 2.496406000393382055e+04
5.700000000000000000e+01 -1.740636029395557125e+05
5.800000000000000000e+01 7.778035449438894866e+05
5.900000000000000000e+01 0.000000000000000000e+00
6.000000000000000000e+01 1.791309388711709402e-13
6.100000000000000000e+01 -1.173313142280048780e-13
6.200000000000000000e+01 1.571432634611153480e+04
6.600000000000000000e+01 1.962412000454136655e-13
6.700000000000000000e+01 -2.655225160502413166e-13
6.800000000000000000e+01 2.151032474093744167e+04
7.200000000000000000e+01 -1.234220878470162384e-13
7.300000000000000000e+01 -8.989309342946029536e-14
7.400000000000000000e+01 1.572507891264393947e+04
7.800000000000000000e+01 -2.067314293460969905e-13
7.900000000000000000e+01 3.578124355298135638e-15
8.000000000000000000e+01 2.498385655373974805e+04
8.100000000000000000e+01 -1.744146966779862414e+05
8.200000000000000000e+01 -7.786378106749756262e+05
8.300000000000000000e+01 0.000000000000000000e+00
8.400000000000000000e+01 -1.919872857934037855e-13
8.500000000000000000e+01 2.527226264868975301e-14
8.600000000000000000e+01 3.082028650378934981e+04
8.700000000000000000e+01 -4.981384048774780240e+02
8.800000000000000000e+01 -1.052152502293396741e+06
8.900000000000000000e+01 0.000000000000000000e+00
9.000000000000000000e+01 1.266189011344000721e-13
9.100000000000000000e+01 1.604426316622954892e-15
9.200000000000000000e+01 2.501124802918511341e+04
9.300000000000000000e+01 1.735762157128496910e+05
9.400000000000000000e+01 -7.776180170973176137e+05
9.500000000000000000e+01 0.000000000000000000e+00
