0.000000000000000000e+00 0.000000000000000000e+00 0.000000000000000000e+00 0.000000000000000000e+00 1.499974903475551764e+04
0.000000000000000000e+00 0.000000000000000000e+00 0.000000000000000000e+00 0.000000000000000000e+00 1.499974903475551764e+04
1.000000000000000000e+00 3.390000000000000000e+02 0.000000000000000000e+00 0.000000000000000000e+00 1.499141884716875029e+04
1.000000000000000000e+00 3.390000000000000000e+02 0.000000000000000000e+00 0.000000000000000000e+00 1.499141884716875029e+04
2.000000000000000000e+00 3.390000000000000000e+02 3.390000000000000000e+02 0.000000000000000000e+00 1.498893834065352530e+04
2.000000000000000000e+00 3.390000000000000000e+02 3.390000000000000000e+02 0.000000000000000000e+00 1.498893834065352530e+04
3.000000000000000000e+00 0.000000000000000000e+00 3.390000000000000000e+02 0.000000000000000000e+00 1.499178321644499010e+04
3.000000000000000000e+00 0.000000000000000000e+00 3.390000000000000000e+02 0.000000000000000000e+00 1.499178321644499010e+04
4.000000000000000000e+00 8.474999999974400566e+01 0.000000000000000000e+00 0.000000000000000000e+00 1.578015389090796089e+04
5.000000000000000000e+00 1.694999999994740563e+02 0.000000000000000000e+00 0.000000000000000000e+00 2.154037895570178807e+04
6.000000000000000000e+00 2.542499999993868869e+02 0.000000000000000000e+00 0.000000000000000000e+00 1.572583762384474903e+04
7.000000000000000000e+00 3.390000000000000000e+02 8.474999999974400566e+01 0.000000000000000000e+00 2.497560662615203910e+04
8.000000000000000000e+00 3.390000000000000000e+02 1.694999999994740563e+02 0.000000000000000000e+00 3.077695237402975181e+04
9.000000000000000000e+00 3.390000000000000000e+02 2.542499999993868869e+02 0.000000000000000000e+00 2.496406000393382055e+04
1.000000000000000000e+01 2.542500000004996537e+02 3.390000000000000000e+02 0.000000000000000000e+00 1.571432634611153480e+04
1.100000000000000000e+01 1.695000000008104735e+02 3.390000000000000000e+02 0.000000000000000000e+00 2.151032474093744167e+04
1.200000000000000000e+01 8.475000000075539219e+01 3.390000000000000000e+02 0.000000000000000000e+00 1.572507891264393947e+04
1.300000000000000000e+01 0.000000000000000000e+00 2.542500000004996537e+02 0.000000000000000000e+00 2.498385655373974805e+04
1.400000000000000000e+01 0.000000000000000000e+00 1.695000000008104735e+02 0.000000000000000000e+00 3.082028650378934981e+04
1.500000000000000000e+01 0.000000000000000000e+00 8.475000000075539219e+01 0.000000000000000000e+00 2.501124802918511341e+04
