0.000000000000000000e+00 0.000000000000000000e+00 0.000000000000000000e+00 0.000000000000000000e+00 -3.244381112239101640e+04
0.000000000000000000e+00 0.000000000000000000e+00 0.000000000000000000e+00 0.000000000000000000e+00 -3.244381112239101640e+04
1.000000000000000000e+00 1.050000000000000000e+04 0.000000000000000000e+00 0.000000000000000000e+00 -3.239628208185553376e+04
1.000000000000000000e+00 1.050000000000000000e+04 0.000000000000000000e+00 0.000000000000000000e+00 -3.239628208185553376e+04
2.000000000000000000e+00 1.050000000000000000e+04 1.050000000000000000e+04 0.000000000000000000e+00 -3.239612998137396789e+04
2.000000000000000000e+00 1.050000000000000000e+04 1.050000000000000000e+04 0.000000000000000000e+00 -3.239612998137396789e+04
3.000000000000000000e+00 0.000000000000000000e+00 1.050000000000000000e+04 0.000000000000000000e+00 -3.239622326603154215e+04
3.000000000000000000e+00 0.000000000000000000e+00 1.050000000000000000e+04 0.000000000000000000e+00 -3.239622326603154215e+04
4.000000000000000000e+00 1.049999999998656222e+03 0.000000000000000000e+00 0.000000000000000000e+00 1.155942623877508413e+04
5.000000000000000000e+00 2.099999999996856786e+03 0.000000000000000000e+00 0.000000000000000000e+00 1.661335854735132307e+04
6.000000000000000000e+00 3.149999999995051439e+03 0.000000000000000000e+00 0.000000000000000000e+00 2.113068291413781481e+04
7.000000000000000000e+00 4.199999999992641278e+03 0.000000000000000000e+00 0.000000000000000000e+00 2.324026610583852744e+04
8.000000000000000000e+00 5.249999999986464900e+03 0.000000000000000000e+00 0.000000000000000000e+00 2.516302768391664722e+04
9.000000000000000000e+00 6.299999999989030584e+03 0.000000000000000000e+00 0.000000000000000000e+00 2.322752198928248981e+04
1.000000000000000000e+01 7.349999999991771801e+03 0.000000000000000000e+00 0.000000000000000000e+00 2.115850689139520546e+04
1.100000000000000000e+01 8.399999999994513928e+03 0.000000000000000000e+00 0.000000000000000000e+00 1.664033634152625746e+04
1.200000000000000000e+01 9.449999999997256964e+03 0.000000000000000000e+00 0.000000000000000000e+00 1.149875167885424162e+04
1.300000000000000000e+01 1.050000000000000000e+04 1.049999999998656222e+03 0.000000000000000000e+00 1.149908429124468239e+04
1.400000000000000000e+01 1.050000000000000000e+04 2.099999999996856786e+03 0.000000000000000000e+00 1.663959376142550536e+04
1.500000000000000000e+01 1.050000000000000000e+04 3.149999999995051439e+03 0.000000000000000000e+00 2.115948559857594955e+04
1.600000000000000000e+01 1.050000000000000000e+04 4.199999999992641278e+03 0.000000000000000000e+00 2.322448426970585570e+04
1.700000000000000000e+01 1.050000000000000000e+04 5.249999999986464900e+03 0.000000000000000000e+00 2.516410619531891280e+04
1.800000000000000000e+01 1.050000000000000000e+04 6.299999999989030584e+03 0.000000000000000000e+00 2.322435303253493839e+04
1.900000000000000000e+01 1.050000000000000000e+04 7.349999999991771801e+03 0.000000000000000000e+00 2.115938616840020404e+04
2.000000000000000000e+01 1.050000000000000000e+04 8.399999999994513928e+03 0.000000000000000000e+00 1.663946406281671079e+04
2.100000000000000000e+01 1.050000000000000000e+04 9.449999999997256964e+03 0.000000000000000000e+00 1.149902327284418425e+04
2.200000000000000000e+01 9.449999999998970452e+03 1.050000000000000000e+04 0.000000000000000000e+00 1.149902448248394467e+04
2.300000000000000000e+01 8.399999999997940904e+03 1.050000000000000000e+04 0.000000000000000000e+00 1.663944663002570451e+04
2.400000000000000000e+01 7.349999999996914994e+03 1.050000000000000000e+04 0.000000000000000000e+00 2.115938861070086568e+04
2.500000000000000000e+01 6.299999999997095983e+03 1.050000000000000000e+04 0.000000000000000000e+00 2.322437793954211156e+04
2.600000000000000000e+01 5.250000000004983121e+03 1.050000000000000000e+04 0.000000000000000000e+00 2.516406619094060807e+04
2.700000000000000000e+01 4.200000000004128196e+03 1.050000000000000000e+04 0.000000000000000000e+00 2.322449650481565186e+04
2.800000000000000000e+01 3.150000000003095920e+03 1.050000000000000000e+04 0.000000000000000000e+00 2.115948606631047733e+04
2.900000000000000000e+01 2.100000000002064553e+03 1.050000000000000000e+04 0.000000000000000000e+00 1.663956565458503610e+04
3.000000000000000000e+01 1.050000000001033186e+03 1.050000000000000000e+04 0.000000000000000000e+00 1.149909539167289404e+04
3.100000000000000000e+01 0.000000000000000000e+00 9.449999999998970452e+03 0.000000000000000000e+00 1.149853501338077331e+04
3.200000000000000000e+01 0.000000000000000000e+00 8.399999999997940904e+03 0.000000000000000000e+00 1.664088420027363463e+04
3.300000000000000000e+01 0.000000000000000000e+00 7.349999999996914994e+03 0.000000000000000000e+00 2.115754628917322771e+04
3.400000000000000000e+01 0.000000000000000000e+00 6.299999999997095983e+03 0.000000000000000000e+00 2.322886260114963443e+04
3.500000000000000000e+01 0.000000000000000000e+00 5.250000000004983121e+03 0.000000000000000000e+00 2.516004487916571452e+04
3.600000000000000000e+01 0.000000000000000000e+00 4.200000000004128196e+03 0.000000000000000000e+00 2.324654481811066216e+04
3.700000000000000000e+01 0.000000000000000000e+00 3.150000000003095920e+03 0.000000000000000000e+00 2.112394947754413442e+04
3.800000000000000000e+01 0.000000000000000000e+00 2.100000000002064553e+03 0.000000000000000000e+00 1.661570465445895752e+04
3.900000000000000000e+01 0.000000000000000000e+00 1.050000000001033186e+03 0.000000000000000000e+00 1.156056800337208551e+04
