0.000000000000000000e+00 3.816501172716880683e+04
0.000000000000000000e+00 3.816501172716880683e+04
1.000000000000000000e+00 3.816374982388662465e+04
1.000000000000000000e+00 3.816374982388662465e+04
2.000000000000000000e+00 -3.244381112239101640e+04
2.000000000000000000e+00 -3.244381112239101640e+04
6.000000000000000000e+00 -3.813774319209741952e+04
6.000000000000000000e+00 -3.813774319209741952e+04
7.000000000000000000e+00 3.813758849401526095e+04
7.000000000000000000e+00 3.813758849401526095e+04
8.000000000000000000e+00 -3.239628208185553376e+04
8.000000000000000000e+00 -3.239628208185553376e+04
1.200000000000000000e+01 -3.813740829248835507e+04
1.200000000000000000e+01 -3.813740829248835507e+04
1.300000000000000000e+01 -3.813740767436226452e+04
1.300000000000000000e+01 -3.813740767436226452e+04
1.400000000000000000e+01 -3.239612998137396789e+04
1.400000000000000000e+01 -3.239612998137396789e+04
1.800000000000000000e+01 3.813746778690656356e+04
1.800000000000000000e+01 3.813746778690656356e+04
1.900000000000000000e+01 -3.813767326861791662e+04
1.900000000000000000e+01 -3.813767326861791662e+04
2.000000000000000000e+01 -3.239622326603154215e+04
2.000000000000000000e+01 -3.239622326603154215e+04
2.400000000000000000e+01 -3.225978054013754809e+04
2.500000000000000000e+01 6.803037364362238441e+04
2.600000000000000000e+01 1.155942623877508413e+04
3.000000000000000000e+01 -5.214738522861434467e+04
3.100000000000000000e+01 6.535867029200340039e+04
3.200000000000000000e+01 1.661335854735132307e+04
3.600000000000000000e+01 -5.321648734801607498e+04
3.700000000000000000e+01 8.611766030427475926e+04
3.800000000000000000e+01 2.113068291413781481e+04
4.200000000000000000e+01 -2.892447423498072021e+04
4.300000000000000000e+01 1.178258113808521593e+05
4.400000000000000000e+01 2.324026610583852744e+04
4.800000000000000000e+01 -8.496819069527191459e+00
4.900000000000000000e+01 1.332698725464280578e+05
5.000000000000000000e+01 2.516302768391664722e+04
5.400000000000000000e+01 2.886299134045872052e+04
5.500000000000000000e+01 1.177917523674048716e+05
5.600000000000000000e+01 2.322752198928248981e+04
6.000000000000000000e+01 5.314060171959183208e+04
6.100000000000000000e+01 8.610092715526139364e+04
6.200000000000000000e+01 2.115850689139520546e+04
6.600000000000000000e+01 5.229131049690613872e+04
6.700000000000000000e+01 6.543497614616520150e+04
6.800000000000000000e+01 1.664033634152625746e+04
7.200000000000000000e+01 3.232308275162985228e+04
7.300000000000000000e+01 6.811152472517131537e+04
7.400000000000000000e+01 1.149875167885424162e+04
7.800000000000000000e+01 -6.811117143869094434e+04
7.900000000000000000e+01 -3.232336763301238534e+04
8.000000000000000000e+01 1.149908429124468239e+04
8.400000000000000000e+01 -6.543435295749368379e+04
8.500000000000000000e+01 -5.229171073999453802e+04
8.600000000000000000e+01 1.663959376142550536e+04
9.000000000000000000e+01 -8.609812821644856012e+04
9.100000000000000000e+01 -5.314040789299816970e+04
9.200000000000000000e+01 2.115948559857594955e+04
9.600000000000000000e+01 -1.177906260518669151e+05
9.700000000000000000e+01 -2.886458221557939032e+04
9.800000000000000000e+01 2.322448426970585570e+04
1.020000000000000000e+02 -1.332635520829998422e+05
1.030000000000000000e+02 2.539384991359838750e-01
1.040000000000000000e+02 2.516410619531891280e+04
1.080000000000000000e+02 -1.177901317996756989e+05
1.090000000000000000e+02 2.886504450481081221e+04
1.100000000000000000e+02 2.322435303253493839e+04
1.140000000000000000e+02 -8.609794724877089902e+04
1.150000000000000000e+02 5.314017149505365524e+04
1.160000000000000000e+02 2.115938616840020404e+04
1.200000000000000000e+02 -6.543417309221954201e+04
1.210000000000000000e+02 5.229108480274156318e+04
1.220000000000000000e+02 1.663946406281671079e+04
1.260000000000000000e+02 -6.811047222123949905e+04
1.270000000000000000e+02 3.232299766766029643e+04
1.280000000000000000e+02 1.149902327284418425e+04
1.320000000000000000e+02 3.232300090807154629e+04
1.330000000000000000e+02 -6.811048589255676779e+04
1.340000000000000000e+02 1.149902448248394467e+04
1.380000000000000000e+02 5.229106827761646127e+04
1.390000000000000000e+02 -6.543435311608958000e+04
1.400000000000000000e+02 1.663944663002570451e+04
1.440000000000000000e+02 5.314010140069619229e+04
1.450000000000000000e+02 -8.609834998851998535e+04
1.460000000000000000e+02 2.115938861070086568e+04
1.500000000000000000e+02 2.886515403090218751e+04
1.510000000000000000e+02 -1.177898913916487072e+05
1.520000000000000000e+02 2.322437793954211156e+04
1.560000000000000000e+02 2.814739070508949226e-01
1.570000000000000000e+02 -1.332628093645716144e+05
1.580000000000000000e+02 2.516406619094060807e+04
1.620000000000000000e+02 -2.886465436656813108e+04
1.630000000000000000e+02 -1.177903167220499890e+05
1.640000000000000000e+02 2.322449650481565186e+04
1.680000000000000000e+02 -5.314030005965883902e+04
1.690000000000000000e+02 -8.609846921183048107e+04
1.700000000000000000e+02 2.115948606631047733e+04
1.740000000000000000e+02 -5.229167439287493471e+04
1.750000000000000000e+02 -6.543446546840878727e+04
1.760000000000000000e+02 1.663956565458503610e+04
1.800000000000000000e+02 -3.232336133231222266e+04
1.810000000000000000e+02 -6.811118802588227845e+04
1.820000000000000000e+02 1.149909539167289404e+04
1.860000000000000000e+02 6.811168649089051178e+04
1.870000000000000000e+02 3.232309034451853950e+04
1.880000000000000000e+02 1.149853501338077331e+04
1.920000000000000000e+02 6.543441890886668989e+04
1.930000000000000000e+02 5.229146438849628612e+04
1.940000000000000000e+02 1.664088420027363463e+04
1.980000000000000000e+02 8.610088364255575289e+04
1.990000000000000000e+02 5.314082949215139524e+04
2.000000000000000000e+02 2.115754628917322771e+04
2.040000000000000000e+02 1.177913278347908490e+05
2.050000000000000000e+02 2.886279864369259303e+04
2.060000000000000000e+02 2.322886260114963443e+04
2.100000000000000000e+02 1.332707822317620448e+05
2.110000000000000000e+02 -7.205032582747662673e+00
2.120000000000000000e+02 2.516004487916571452e+04
2.160000000000000000e+02 1.178286180687867163e+05
2.170000000000000000e+02 -2.892449491205184313e+04
2.180000000000000000e+02 2.324654481811066216e+04
2.220000000000000000e+02 8.611664225983514916e+04
2.230000000000000000e+02 -5.322515023825081880e+04
2.240000000000000000e+02 2.112394947754413442e+04
2.280000000000000000e+02 6.535359687604867213e+04
2.290000000000000000e+02 -5.213932060908553103e+04
2.300000000000000000e+02 1.661570465445895752e+04
2.340000000000000000e+02 6.803429268883173063e+04
2.350000000000000000e+02 -3.225899275861603019e+04
2.360000000000000000e+02 1.156056800337208551e+04
