1.010071720067274997e-01 7.757015887615796856e-01 1.922188519990374045e-02 1.926478497414739977e+00 2.059192063647641291e-01 -1.390297439085271813e-01 5.674019212901604964e-02 -1.164255487155336333e+00 2.338374421470755067e+02 2.338374421472441327e+02 0.000000000000000000e+00 1.010071720067274997e-01
1.207790855459088195e-02 3.688009744196847350e-01 -1.300320952178628253e-01 1.152838818683562527e+00 2.918682389222202467e-01 8.254612911714953594e-01 -1.359747944660165686e+00 5.609232105525181922e+00 7.807601653045364287e+01 5.468260165306143108e+02 0.000000000000000000e+00 1.207790855459088195e-02
1.010216562428972592e-01 7.755996154272871701e-01 -1.888640436926013189e-02 1.926734353075124417e+00 2.048849366987828269e-01 1.375246912728466109e-01 -5.184266307572862192e-02 -1.156084919120535126e+00 3.902993808007717007e+02 2.340493808008018846e+02 0.000000000000000000e+00 1.010216562428972592e-01
5.461806306114983661e-02 8.532844411207770596e-01 5.705686994306324172e-02 2.325202575324905041e+00 7.509059311385284374e-01 -7.646794557261182845e-02 5.097986440425174015e-01 -1.830893159087820576e+00 7.781085388612335407e+01 2.340608538864473189e+02 0.000000000000000000e+00 5.461806306114983661e-02
5.460259601380829803e-02 8.523427045537603775e-01 -5.651995454277989467e-02 2.323066309577531019e+00 7.503732235681663809e-01 7.604923161492788131e-02 -5.049045187807745805e-01 -1.824842595179111404e+00 5.467727925398195339e+02 2.342727925396680746e+02 0.000000000000000000e+00 5.460259601380829803e-02
1.183643793347614014e-02 3.687238073333072297e-01 -1.296449790720729245e-01 1.151659169443056019e+00 2.920175176526504934e-01 8.259929284478089162e-01 1.359809285860067662e+00 -5.603167364282857221e+00 5.468233873632580071e+02 7.807338736313022309e+01 0.000000000000000000e+00 1.183643793347614014e-02
5.458341757711634989e-02 8.532865324431669896e-01 -5.670296182048274042e-02 2.324361043962862361e+00 7.511640312893792526e-01 7.493375258793971705e-02 5.111593540675939407e-01 1.828399688722645022e+00 7.796718595829418064e+01 3.904671859587251674e+02 0.000000000000000000e+00 5.458341757711634989e-02
4.227548592071811440e-02 3.298531866204146290e-01 -4.424275302510314450e-02 9.646077882106582901e-01 6.626622860723014874e-01 3.019850410164285903e-01 -1.895881999511251081e-01 3.329494034452921802e+00 2.342730741829681165e+02 5.467730741827610927e+02 0.000000000000000000e+00 4.227548592071811440e-02
1.010883593806256309e-01 7.770614808146237840e-01 -1.899883747911089438e-02 1.929883727165801588e+00 2.046176448522434299e-01 1.372705358671305054e-01 5.782229001197582846e-02 1.147379677337381221e+00 2.340445446427619629e+02 3.902945446428445848e+02 0.000000000000000000e+00 1.010883593806256309e-01
5.456340791465479068e-02 8.524109199092935185e-01 5.632384470153743022e-02 2.323661096426719475e+00 7.503894730809266278e-01 -7.550093566169446824e-02 -5.069616952543077870e-01 1.824406108391641856e+00 5.467973389348929913e+02 3.905473389348346700e+02 0.000000000000000000e+00 5.456340791465479068e-02
1.240351908174812910e-02 3.682406493702198302e-01 1.302844336839559247e-01 1.147142898633066732e+00 2.919610689428908668e-01 -8.277069601227832196e-01 -1.368100090731498630e+00 -5.626271209809340590e+00 7.791968445826378797e+01 7.791968445833641965e+01 0.000000000000000000e+00 1.240351908174812910e-02
1.187721811953562114e-02 3.686620487342887609e-01 1.296901533216450464e-01 1.153061409206817878e+00 2.920417245182289623e-01 -8.254305695856590797e-01 1.357147986100018189e+00 5.600405054378309266e+00 5.468479337583629558e+02 5.468479337582967901e+02 0.000000000000000000e+00 1.187721811953562114e-02
4.196939324126613274e-02 3.285212884312460058e-01 4.436033487125919106e-02 9.633138709069226646e-01 6.639547691462315271e-01 -3.031197400661269636e-01 -1.934183434781723832e-01 -3.336011833305585483e+00 2.340659716869446925e+02 7.781597168716072588e+01 0.000000000000000000e+00 4.196939324126613274e-02
1.010179907760658524e-01 7.763645119349867896e-01 1.867330223739998782e-02 1.928939378361192558e+00 2.041774391335744454e-01 -1.367606200424032470e-01 -5.581930334399739374e-02 1.147174637693375132e+00 3.903746976193608020e+02 3.903746976193034470e+02 0.000000000000000000e+00 1.010179907760658524e-01
4.240645623067332975e-02 3.293231910108789240e-01 -4.359957902505657429e-02 9.627353658683710513e-01 6.635580280032784550e-01 3.014980316210159605e-01 1.873487068340410899e-01 -3.332759071617952706e+00 3.904696745919388832e+02 7.796967459197357186e+01 0.000000000000000000e+00 4.240645623067332975e-02
4.228653423653436216e-02 3.297393005130999644e-01 4.371747974723028812e-02 9.644641444578536671e-01 6.630517520389100916e-01 -3.013457772732895945e-01 1.855262357687207930e-01 3.329395168175175890e+00 3.905449914108774578e+02 5.467949914104751770e+02 0.000000000000000000e+00 4.228653423653436216e-02
