1.000000000000000000e+00 0.000000000000000000e+00 0.000000000000000000e+00 0.000000000000000000e+00
2.000000000000000000e+00 7.010000000000000000e+02 0.000000000000000000e+00 0.000000000000000000e+00
3.000000000000000000e+00 7.010000000000000000e+02 7.010000000000000000e+02 0.000000000000000000e+00
4.000000000000000000e+00 0.000000000000000000e+00 7.010000000000000000e+02 0.000000000000000000e+00
5.000000000000000000e+00 1.752499999992672315e+02 0.000000000000000000e+00 0.000000000000000000e+00
6.000000000000000000e+00 3.504999999987865067e+02 0.000000000000000000e+00 0.000000000000000000e+00
7.000000000000000000e+00 5.257499999987385308e+02 0.000000000000000000e+00 0.000000000000000000e+00
8.000000000000000000e+00 7.010000000000000000e+02 1.752499999992672315e+02 0.000000000000000000e+00
9.000000000000000000e+00 7.010000000000000000e+02 3.504999999987865067e+02 0.000000000000000000e+00
1.000000000000000000e+01 7.010000000000000000e+02 5.257499999987385308e+02 0.000000000000000000e+00
1.100000000000000000e+01 5.257500000012875034e+02 7.010000000000000000e+02 0.000000000000000000e+00
1.200000000000000000e+01 3.505000000017981279e+02 7.010000000000000000e+02 0.000000000000000000e+00
1.300000000000000000e+01 1.752500000015537580e+02 7.010000000000000000e+02 0.000000000000000000e+00
1.400000000000000000e+01 0.000000000000000000e+00 5.257500000012875034e+02 0.000000000000000000e+00
1.500000000000000000e+01 0.000000000000000000e+00 3.505000000017981279e+02 0.000000000000000000e+00
1.600000000000000000e+01 0.000000000000000000e+00 1.752500000015537580e+02 0.000000000000000000e+00
1.700000000000000000e+01 1.750302405628452505e+02 5.255302405627161306e+02 0.000000000000000000e+00
1.800000000000000000e+01 5.255230113846909035e+02 3.502730113840515287e+02 0.000000000000000000e+00
1.900000000000000000e+01 1.743288723536680322e+02 1.743288723543863910e+02 0.000000000000000000e+00
2.000000000000000000e+01 3.502624794518573594e+02 5.255124794511033315e+02 0.000000000000000000e+00
2.100000000000000000e+01 5.255184450659245385e+02 1.750184450658969411e+02 0.000000000000000000e+00
2.200000000000000000e+01 5.256285700133895489e+02 5.256285700124732330e+02 0.000000000000000000e+00
2.300000000000000000e+01 3.499629825510125443e+02 3.499629825508588965e+02 0.000000000000000000e+00
2.400000000000000000e+01 1.747617425211761315e+02 3.500117425217313780e+02 0.000000000000000000e+00
2.500000000000000000e+01 3.500347030229495431e+02 1.747847030233590715e+02 0.000000000000000000e+00
