-1.253204056624815044e+00 2.781489755024171373e+01 -4.087838250209193447e+00 7.549469500422797807e+01 -1.906814725568578694e+01 6.945620887116145070e+01 -1.166768041660087718e+01 3.447620867644517944e+02 8.757006014109975922e+01 6.133200601410009085e+02 0.000000000000000000e+00 -1.253204056624815044e+00
-5.124565198050696324e+00 6.170514147348776390e+01 9.617149541963198045e-01 1.258588154029975215e+02 -1.893411976554864395e+01 -1.234024448211586211e+01 1.495606684415555598e+01 -9.717109288044107984e+01 2.622720751122015486e+02 2.622720751125839342e+02 0.000000000000000000e+00 -5.124565198050696324e+00
-2.639220600370200120e+00 2.610515652735453429e+01 2.031848361893187960e+00 5.089580369643832825e+01 1.907779712183146614e+01 -2.572644350070618913e+01 -1.187798710426801030e+01 -2.720156957557652504e+02 2.625283938436678000e+02 8.727839384443636561e+01 0.000000000000000000e+00 -2.639220600370200120e+00
-2.478382697294819081e+00 6.422326734669910309e+01 -1.824402851478973409e+00 1.552359195415548356e+02 1.908675363576071504e+01 6.984067025667853201e+00 5.455107989422852199e+01 1.090388032847486244e+02 8.744799577100533838e+01 4.379479957718832566e+02 0.000000000000000000e+00 -2.478382697294819081e+00
-2.632709912186610435e+00 2.620052215444608379e+01 -2.028616709902796078e+00 5.102342749394937016e+01 1.900805410832801101e+01 2.564230874049791709e+01 -1.172494562536311413e+01 2.713687568411607458e+02 2.627606800045136310e+02 6.132606800034549224e+02 0.000000000000000000e+00 -2.632709912186610435e+00
-5.137699178716177428e+00 6.181481703396710969e+01 -9.573444028578508291e-01 1.261279032534565800e+02 -1.905238377256785043e+01 1.219504347344525996e+01 1.500767831920576789e+01 9.596289466370356536e+01 2.625043612717228143e+02 4.377543612716024199e+02 0.000000000000000000e+00 -5.137699178716177428e+00
-2.461213291486282539e+00 6.421750007944126537e+01 1.844933099391405706e+00 1.552778866847120867e+02 1.905563849096233753e+01 -7.079890728424798496e+00 5.462893678669392017e+01 -1.092116606540435271e+02 8.727265371871104094e+01 2.625226537198674350e+02 0.000000000000000000e+00 -2.461213291486282539e+00
-2.486905840817076108e+00 6.416949489387444316e+01 1.796031196709743316e+00 1.551726950231124249e+02 1.902570587473169894e+01 -7.030374355337068337e+00 -5.431834023068031314e+01 1.088599212702825270e+02 6.132878953495201131e+02 4.380378953485124498e+02 0.000000000000000000e+00 -2.486905840817076108e+00
-1.271960779675862518e+00 2.780927952624086075e+01 4.062418589808694414e+00 7.550420469790704203e+01 -1.905350213492988587e+01 -6.945317930379654570e+01 1.152000626498662328e+01 3.442570196164115828e+02 6.133446425036692062e+02 6.133446425028029125e+02 0.000000000000000000e+00 -1.271960779675862518e+00
-1.276004252202088685e+00 2.781369612329779528e+01 -4.056082472612056122e+00 7.541206099192491763e+01 -1.905566869065873448e+01 6.949818071452115475e+01 1.160891664832455383e+01 -3.444101835407305430e+02 6.133171112661657389e+02 8.756711126629105024e+01 0.000000000000000000e+00 -1.276004252202088685e+00
-2.485594435565920968e+00 6.416365163648266901e+01 -1.811261187605403000e+00 1.551133308913109374e+02 1.902181161536455534e+01 7.072282963284789226e+00 -5.420220723720590428e+01 -1.089286386516457270e+02 6.132603641126538605e+02 2.627603641120005591e+02 0.000000000000000000e+00 -2.485594435565920968e+00
-5.145419881259691408e+00 6.171419565981895516e+01 -9.475882957395090900e-01 1.258693001588182909e+02 -1.902197362628578503e+01 1.220779202677623410e+01 -1.447740575338745295e+01 -9.666688569170426604e+01 4.377597855061444534e+02 2.625097855060415668e+02 0.000000000000000000e+00 -5.145419881259691408e+00
-5.151735938883546417e+00 6.177338571233593001e+01 9.307762687644427491e-01 1.260440956012404854e+02 -1.907943170533309285e+01 -1.214130056811313807e+01 -1.472251118830638461e+01 9.599906148958334029e+01 4.378442608502376174e+02 4.378442608496217758e+02 0.000000000000000000e+00 -5.151735938883546417e+00
-2.623640737746170348e+00 2.615675575709460432e+01 -1.976606103226653088e+00 5.086832810154211160e+01 1.909544761769220145e+01 2.558826537371611565e+01 1.162159609082394418e+01 -2.716032038738797496e+02 4.379507870215998082e+02 8.745078702231400314e+01 0.000000000000000000e+00 -2.623640737746170348e+00
-1.203776129162161368e+00 2.775458469243661241e+01 4.094934231934001190e+00 7.511569661405179943e+01 -1.904366150848589712e+01 -6.964964896890553803e+01 -1.205100863737885319e+01 -3.455823940012810453e+02 8.739471808823381593e+01 8.739471808898503014e+01 0.000000000000000000e+00 -1.203776129162161368e+00
-2.633935677966054101e+00 2.619160275245530656e+01 1.988983323549064153e+00 5.100234712186068009e+01 1.904414200919136135e+01 -2.558357685867818532e+01 1.142244621553942174e+01 2.713120504121671388e+02 4.380352623670831917e+02 6.132852623658941411e+02 0.000000000000000000e+00 -2.633935677966054101e+00
