1.000000000000000000e+00 0.000000000000000000e+00 0.000000000000000000e+00 0.000000000000000000e+00
2.000000000000000000e+00 1.020000000000000000e+02 0.000000000000000000e+00 0.000000000000000000e+00
3.000000000000000000e+00 1.020000000000000000e+02 1.020000000000000000e+02 0.000000000000000000e+00
4.000000000000000000e+00 0.000000000000000000e+00 1.020000000000000000e+02 0.000000000000000000e+00
5.000000000000000000e+00 2.549999999997435651e+01 0.000000000000000000e+00 0.000000000000000000e+00
6.000000000000000000e+00 5.099999999988163069e+01 0.000000000000000000e+00 0.000000000000000000e+00
7.000000000000000000e+00 7.649999999994025757e+01 0.000000000000000000e+00 0.000000000000000000e+00
8.000000000000000000e+00 1.020000000000000000e+02 2.549999999997435651e+01 0.000000000000000000e+00
9.000000000000000000e+00 1.020000000000000000e+02 5.099999999988163069e+01 0.000000000000000000e+00
1.000000000000000000e+01 1.020000000000000000e+02 7.649999999994025757e+01 0.000000000000000000e+00
1.100000000000000000e+01 7.649999999995762323e+01 1.020000000000000000e+02 0.000000000000000000e+00
1.200000000000000000e+01 5.100000000008318324e+01 1.020000000000000000e+02 0.000000000000000000e+00
1.300000000000000000e+01 2.550000000004216361e+01 1.020000000000000000e+02 0.000000000000000000e+00
1.400000000000000000e+01 0.000000000000000000e+00 7.649999999995762323e+01 0.000000000000000000e+00
1.500000000000000000e+01 0.000000000000000000e+00 5.100000000008318324e+01 0.000000000000000000e+00
1.600000000000000000e+01 0.000000000000000000e+00 2.550000000004216361e+01 0.000000000000000000e+00
1.700000000000000000e+01 7.649999999998193800e+01 5.099999999998816946e+01 0.000000000000000000e+00
1.800000000000000000e+01 2.549999999998050626e+01 5.100000000003844747e+01 0.000000000000000000e+00
1.900000000000000000e+01 5.100000000000270006e+01 7.650000000001979572e+01 0.000000000000000000e+00
2.000000000000000000e+01 5.099999999994999200e+01 2.550000000001539036e+01 0.000000000000000000e+00
2.100000000000000000e+01 2.550000000000608225e+01 7.650000000001628564e+01 0.000000000000000000e+00
2.200000000000000000e+01 7.649999999996546762e+01 2.549999999999175060e+01 0.000000000000000000e+00
2.300000000000000000e+01 7.649999999999414513e+01 7.649999999998854605e+01 0.000000000000000000e+00
2.400000000000000000e+01 5.099999999997673683e+01 5.100000000001904965e+01 0.000000000000000000e+00
2.500000000000000000e+01 2.549999999997091393e+01 2.550000000002591349e+01 0.000000000000000000e+00
