-4.193176872415646628e+00 5.243967228682144821e+01 9.168396825311897480e-01 7.613312975647947951e+02 8.072098869446625713e+01 -5.425303111873174799e+01 -8.466320058183046626e+01 5.693723634112733407e+02 6.374999999998888001e+01 6.375000000000389377e+01 0.000000000000000000e+00 -4.193176872415646628e+00
-4.193176872397704535e+00 5.243967228683854387e+01 -9.168396825107698600e-01 7.613312975656051549e+02 8.072098869395104259e+01 5.425303111784555199e+01 -8.466320058207342925e+01 -5.693723634106768259e+02 6.374999999996853717e+01 3.825000000000359535e+01 0.000000000000000000e+00 -4.193176872397704535e+00
-4.193176872407030409e+00 5.243967228685781379e+01 9.168396825363439584e-01 7.613312975654831689e+02 8.072098869440056035e+01 -5.425303111879754425e+01 8.466320058282033756e+01 -5.693723634104335360e+02 3.824999999996953193e+01 3.825000000002469847e+01 0.000000000000000000e+00 -4.193176872407030409e+00
-4.193176872401402022e+00 5.243967228684142157e+01 -9.168396825271482031e-01 7.613312975654578167e+02 8.072098869418883282e+01 5.425303111840999293e+01 8.466320058293975137e+01 5.693723634121042778e+02 3.824999999999150191e+01 6.375000000002339817e+01 0.000000000000000000e+00 -4.193176872401402022e+00
-8.859566174689726736e+00 2.198805976264914719e+01 -1.432047163274012824e+00 3.804772329440777412e+02 2.618215704587201458e+02 1.191289097582642285e+02 2.004704704229191492e+01 1.631906900660869269e+03 3.825000000003353762e+01 8.925000000000902389e+01 0.000000000000000000e+00 -8.859566174689726736e+00
-8.859566174699793351e+00 2.198805976265253292e+01 -1.432047163257318179e+00 3.804772329437172971e+02 2.618215704584223431e+02 1.191289097577949008e+02 -2.004704704307419050e+01 -1.631906900659567782e+03 6.374999999993433875e+01 1.275000000000178524e+01 0.000000000000000000e+00 -8.859566174699793351e+00
-1.261129339293348472e+00 5.256032771317515540e+01 1.775038354020293196e+00 9.173771714761469411e+02 2.963970672943883642e+02 -2.984878259889220686e+01 -3.285003899157572391e+02 6.070982248226157481e+02 8.924999999999401723e+01 6.374999999994965094e+01 0.000000000000000000e+00 -1.261129339293348472e+00
-1.261129339302833552e+00 5.256032771322330177e+01 -1.775038354012833386e+00 9.173771714787704923e+02 2.963970672949498066e+02 2.984878259844775528e+01 3.285003899185620639e+02 6.070982248255781997e+02 1.274999999999664624e+01 6.375000000002388845e+01 0.000000000000000000e+00 -1.261129339302833552e+00
-1.261129339315400610e+00 5.256032771316502306e+01 -1.775038353995826101e+00 9.173771714781447599e+02 2.963970672945503111e+02 2.984878259803894451e+01 -3.285003899178631741e+02 -6.070982248256494813e+02 8.924999999998685496e+01 3.824999999995897326e+01 0.000000000000000000e+00 -1.261129339315400610e+00
-4.597714355628132132e+00 2.301194023738340277e+01 2.185175961527620281e+00 4.549346712732427136e+02 1.152964855302271872e+02 -3.259771266285828801e+02 1.310167626273465942e+02 -1.897504864046081366e+03 1.274999999998631850e+01 1.275000000001701927e+01 0.000000000000000000e+00 -4.597714355628132132e+00
-4.597714355617259052e+00 2.301194023735893524e+01 2.185175961525115618e+00 4.549346712719711832e+02 1.152964855305235119e+02 -3.259771266282802458e+02 -1.310167626271092161e+02 1.897504864043821499e+03 8.924999999998794920e+01 8.924999999998220801e+01 0.000000000000000000e+00 -4.597714355617259052e+00
-4.597714355635895700e+00 2.301194023732465510e+01 -2.185175961519379761e+00 4.549346712745658579e+02 1.152964855309586767e+02 3.259771266302226991e+02 -1.310167626281528328e+02 -1.897504864045982686e+03 8.924999999997643840e+01 1.274999999999152678e+01 0.000000000000000000e+00 -4.597714355635895700e+00
-4.597714355620015958e+00 2.301194023735316918e+01 -2.185175961536176992e+00 4.549346712733784557e+02 1.152964855309561614e+02 3.259771266300581942e+02 1.310167626266979823e+02 1.897504864047150022e+03 1.275000000001206146e+01 8.924999999999347722e+01 0.000000000000000000e+00 -4.597714355620015958e+00
-8.859566174723168430e+00 2.198805976267705731e+01 1.432047163290116831e+00 3.804772329448642267e+02 2.618215704584337686e+02 -1.191289097587010417e+02 2.004704704269051874e+01 -1.631906900660069596e+03 3.824999999994422240e+01 1.275000000001032596e+01 0.000000000000000000e+00 -8.859566174723168430e+00
-1.261129339302810015e+00 5.256032771321476105e+01 1.775038354017612896e+00 9.173771714770476819e+02 2.963970672948798324e+02 -2.984878259887098295e+01 3.285003899167805912e+02 -6.070982248235343377e+02 1.274999999998785505e+01 3.825000000004742873e+01 0.000000000000000000e+00 -1.261129339302810015e+00
-8.859566174739168076e+00 2.198805976265913387e+01 1.432047163274114965e+00 3.804772329444117531e+02 2.618215704586268089e+02 -1.191289097576796081e+02 -2.004704704267882320e+01 1.631906900659860412e+03 6.375000000000941469e+01 8.925000000000207478e+01 0.000000000000000000e+00 -8.859566174739168076e+00
