1.000000000000000000e+00 0.000000000000000000e+00 0.000000000000000000e+00 0.000000000000000000e+00
2.000000000000000000e+00 6.250000000000000000e+02 0.000000000000000000e+00 0.000000000000000000e+00
3.000000000000000000e+00 6.250000000000000000e+02 6.250000000000000000e+02 0.000000000000000000e+00
4.000000000000000000e+00 0.000000000000000000e+00 6.250000000000000000e+02 0.000000000000000000e+00
5.000000000000000000e+00 1.562499999998522640e+02 0.000000000000000000e+00 0.000000000000000000e+00
6.000000000000000000e+00 3.124999999996165343e+02 0.000000000000000000e+00 0.000000000000000000e+00
7.000000000000000000e+00 4.687500000003238938e+02 0.000000000000000000e+00 0.000000000000000000e+00
8.000000000000000000e+00 6.250000000000000000e+02 1.562499999998522640e+02 0.000000000000000000e+00
9.000000000000000000e+00 6.250000000000000000e+02 3.124999999996165343e+02 0.000000000000000000e+00
1.000000000000000000e+01 6.250000000000000000e+02 4.687500000003238938e+02 0.000000000000000000e+00
1.100000000000000000e+01 4.687500000004496314e+02 6.250000000000000000e+02 0.000000000000000000e+00
1.200000000000000000e+01 3.125000000008882921e+02 6.250000000000000000e+02 0.000000000000000000e+00
1.300000000000000000e+01 1.562499999999284341e+02 6.250000000000000000e+02 0.000000000000000000e+00
1.400000000000000000e+01 0.000000000000000000e+00 4.687500000004496314e+02 0.000000000000000000e+00
1.500000000000000000e+01 0.000000000000000000e+00 3.125000000008882921e+02 0.000000000000000000e+00
1.600000000000000000e+01 0.000000000000000000e+00 1.562499999999284341e+02 0.000000000000000000e+00
1.700000000000000000e+01 1.560540661218861658e+02 4.685540661220074981e+02 0.000000000000000000e+00
1.800000000000000000e+01 4.685476207065698304e+02 3.122976207065348717e+02 0.000000000000000000e+00
1.900000000000000000e+01 1.554287378332028879e+02 1.554287378334172445e+02 0.000000000000000000e+00
2.000000000000000000e+01 4.685435494527081914e+02 1.560435494526686000e+02 0.000000000000000000e+00
2.100000000000000000e+01 3.122882306091696023e+02 4.685382306090371571e+02 0.000000000000000000e+00
2.200000000000000000e+01 4.686417350330021918e+02 4.686417350328633233e+02 0.000000000000000000e+00
2.300000000000000000e+01 3.120212041287015268e+02 3.120212041287783791e+02 0.000000000000000000e+00
2.400000000000000000e+01 1.558146777112905284e+02 3.120646777115553050e+02 0.000000000000000000e+00
2.500000000000000000e+01 3.120851489151070837e+02 1.558351489152256875e+02 0.000000000000000000e+00
